34977
30420.1
26246.1
23327.7
21439.1
20236.5
19471
18979.1
18655.7
18433.1
18266.9
18126.2
17987
17827.8
17627.8
17371.3
17061.4
16724.8
16386.5
16048.9
15703.3
15342.1
14961.5
14560.8
14141.4
13706.5
13260.6
12809.7
12360.8
11921
11496.7
11093
10713.4
10359.5
10031.4
9728.71
9450.08
9194.05
8959.01
8743.33
8545.4
8363.72
8196.86
8043.5
7902.43
7772.54
7652.82
7542.39
7440.5
7346.75
7261.5
7187.74
7136.19
7145.1
7328.1
8080.59
10055.4
14504.6
15283.3
14948.5
10846.5
10005.9
8493.36
7946.75
7442.92
7240.38
7031.22
6935.13
6824.33
6767.88
6697.94
6660.53
6610.93
6585.18
6547.63
6531.02
6501.98
6494.24
6472.14
6474.15
6458.08
6471.09
6459.71
6484.14
6474.43
6508.12
6494.53
6531.03
6506.3
6535.71
6494.4
6507.99
6450.78
6446.26
6380.12
6361.97
6295.67
6270.75
6210.42
6184.05
6132.07
6107.06
6063.31
6040.65
6003.93
5983.72
5952.62
5934.61
5907.9
5891.77
5868.47
5853.91
5833.26
5820.03
5801.47
5789.38
5772.5
5761.38
5745.86
5735.6
5721.21
5711.71
5698.26
5689.45
5676.8
5668.62
5656.64
5649.04
5637.65
5630.59
5619.69
5613.15
5602.68
5596.61
5586.5
5580.89
5571.08
5565.89
5556.34
5551.54
5542.2
5537.77
5528.6
5524.51
5515.47
5511.68
5502.74
5499.23
5490.36
5487.1
5478.29
5475.23
5466.47
5463.6
5454.87
5452.15
5443.46
5440.87
5432.21
5429.73
5421.12
5418.71
5410.17
5407.83
5399.36
5397.06
5388.69
5386.43
5378.17
5375.94
5367.81
5365.6
5357.62
5355.42
5347.6
5345.42
5337.78
5335.6
5328.15
5325.99
5318.73
5316.57
5309.52
5307.38
5300.52
5298.4
5291.75
5289.64
5283.19
5281.1
5274.86
5272.78
5266.74
5264.69
5258.84
5256.81
5251.15
5249.15
5243.67
5241.69
5236.39
5234.44
5229.31
5227.38
5222.42
5220.52
5215.7
5213.83
5209.17
5207.33
5202.81
5201
5196.61
5194.83
5190.57
5188.81
5184.68
5182.95
5178.94
5177.24
5173.33
5171.66
5167.86
5166.22
5162.52
5160.9
5157.3
5155.7
5152.19
5150.62
5147.2
5145.66
5142.32
5140.79
5137.53
5136.03
5132.85
5131.37
5128.26
5126.8
5123.75
5122.31
5119.33
5117.91
5115
5113.59
5110.74
5109.35
5106.55
5105.18
5102.44
5101.08
5098.39
5097.05
5094.41
5093.08
5090.49
5089.17
5086.63
5085.32
5082.82
5081.52
5079.07
5077.78
5075.36
5074.08
5071.71
5070.43
5068.1
5066.83
5064.53
5063.27
5061.01
5059.75
5057.52
5056.27
5054.07
5052.83
5050.66
5049.42
5047.29
5046.04
5043.94
5042.7
5040.63
5039.39
5037.34
5036.11
5034.09
5032.85
5030.86
5029.63
5027.66
5026.43
5024.49
5023.25
5021.34
5020.1
5018.22
5016.98
5015.12
5013.88
5012.04
5010.8
5008.98
5007.74
5005.95
5004.7
5002.93
5001.69
4999.94
4998.7
4996.97
4995.72
4994.02
4992.77
4991.09
4989.84
4988.19
4986.94
4985.3
4984.05
4982.43
4981.18
4979.59
4978.34
4976.77
4975.51
4973.96
4972.71
4971.18
4969.93
4968.42
4967.18
4965.69
4964.44
4962.97
4961.73
4960.28
4959.04
4957.61
4956.37
4954.96
4953.73
4952.34
4951.11
4949.73
4948.51
4947.15
4945.93
4944.59
4943.38
4942.06
4940.85
4939.55
4938.35
4937.06
4935.86
4934.59
4933.4
4932.14
4930.96
4929.71
4928.54
4927.31
4926.14
4924.92
4923.76
4922.56
4921.4
4920.21
4919.06
4917.88
4916.74
4915.57
4914.43
4913.27
4912.14
4910.99
4909.87
4908.73
4907.61
4906.48
4905.37
4904.24
4903.14
4902.02
4900.92
4899.81
4898.71
4897.6
4896.51
4895.41
4894.32
4893.23
4892.14
4891.05
4889.97
4888.88
4887.8
4886.72
4885.64
4884.56
4883.49
4882.41
4881.34
4880.27
4879.2
4878.13
4877.07
4876
4874.94
4873.87
4872.81
4871.75
4870.69
4869.64
4868.58
4867.53
4866.48
4865.43
4864.38
4863.34
4862.3
4861.26
4860.22
4859.19
4858.16
4857.13
4856.1
4855.08
4854.06
4853.04
4852.03
4851.02
4850.01
4849.01
4848.01
4847.01
4846.02
4845.03
4844.04
4843.06
4842.08
4841.1
4840.13
4839.17
4838.2
4837.24
4836.29
4835.34
4834.39
4833.44
4832.5
4831.57
4830.64
4829.71
4828.78
4827.86
4826.95
4826.03
4825.12
4824.22
4823.32
4822.42
4821.52
4820.63
4819.75
4818.86
4817.99
4817.11
4816.24
4815.37
4814.51
4813.65
4812.79
4811.94
4811.09
4810.24
4809.4
4808.56
4807.72
4806.89
4806.06
4805.24
4804.42
4803.6
4802.78
4801.97
4801.16
4800.36
4799.56
4798.76
4797.96
4797.17
4796.38
4795.6
4794.82
4794.04
4793.26
4792.49
4791.72
4790.95
4790.19
4789.43
4788.67
4787.92
4787.16
4786.42
4785.67
4784.93
4784.19
4783.45
4782.72
4781.99
4781.26
4780.53
4779.81
4779.09
4778.37
4777.66
4776.95
4776.24
4775.53
4774.83
4774.13
4773.43
4772.73
4772.04
4771.35
4770.66
4769.98
4769.3
4768.62
4767.94
4767.26
4766.59
4765.92
4765.25
4764.59
4763.93
4763.27
4762.61
4761.95
4761.3
4760.65
4760
4759.36
4758.71
4758.07
4757.43
4756.8
4756.16
4755.53
4754.9
4754.27
4753.65
4753.02
4752.4
4751.78
4751.17
4750.55
4749.94
4749.33
4748.72
4748.12
4747.51
4746.91
4746.31
4745.71
4745.12
4744.52
4743.93
4743.34
4742.75
4742.17
4741.58
4741
4740.42
4739.84
4739.27
4738.69
4738.12
4737.55
4736.98
4736.42
4735.85
4735.29
4734.73
4734.17
4733.61
4733.05
4732.5
4731.95
4731.4
4730.85
4730.3
4729.75
4729.21
4728.67
4728.13
4727.59
4727.05
4726.52
4725.98
4725.45
4724.92
4724.39
4723.86
4723.34
4722.81
4722.29
4721.77
4721.25
4720.73
4720.22
4719.7
4719.19
4718.68
4718.17
4717.66
4717.15
4716.64
4716.14
4715.64
4715.14
4714.64
4714.14
4713.64
4713.14
4712.65
4712.16
4711.67
4711.18
4710.69
4710.2
4709.71
4709.23
4708.75
4708.26
4707.78
4707.3
4706.83
4706.35
4705.87
4705.4
4704.93
4704.46
4703.99
4703.52
4703.05
4702.58
4702.12
4701.66
4701.19
4700.73
4700.27
4699.81
4699.36
4698.9
4698.44
4697.99
4697.54
4697.09
4696.64
4696.19
4695.74
4695.29
4694.85
4694.4
4693.96
4693.52
4693.08
4692.64
4692.2
4691.76
4691.33
4690.89
4690.46
4690.02
4689.59
4689.16
4688.73
4688.3
4687.88
4687.45
4687.03
4686.6
4686.18
4685.76
4685.34
4684.92
4684.5
4684.08
4683.67
4683.25
4682.84
4682.42
4682.01
4681.6
4681.19
4680.78
4680.37
4679.96
4679.56
4679.15
4678.75
4678.35
4677.94
4677.54
4677.14
4676.74
4676.35
4675.95
4675.55
4675.16
4674.76
4674.37
4673.98
4673.59
4673.2
4672.81
4672.42
4672.03
4671.64
4671.26
4670.87
4670.49
4670.11
4669.73
4669.34
4668.96
4668.58
4668.21
4667.83
4667.45
4667.08
4666.7
4666.33
4665.95
4665.58
4665.21
4664.84
4664.47
4664.1
4663.73
4663.37
4663
4662.63
4662.27
4661.91
4661.54
4661.18
4660.82
4660.46
4660.1
4659.74
4659.38
4659.03
4658.67
4658.31
4657.96
4657.6
4657.25
4656.9
4656.55
4656.2
4655.85
4655.5
4655.15
4654.8
4654.45
4654.11
4653.76
4653.41
4653.07
4652.73
4652.38
4652.04
4651.7
4651.36
4651.02
4650.68
4650.34
4650
4649.67
4649.33
4649
4648.66
4648.33
4647.99
4647.66
4647.33
4647
4646.66
4646.33
4646
4645.68
4645.35
4645.02
4644.69
4644.37
4644.04
4643.72
4643.39
4643.07
4642.74
4642.42
4642.1
4641.78
4641.46
4641.14
4640.82
4640.5
4640.18
4639.86
4639.55
4639.23
4638.91
4638.6
4638.28
4637.97
4637.66
4637.34
4637.03
4636.72
4636.41
4636.1
4635.79
4635.48
4635.17
4634.86
4634.56
4634.25
4633.94
4633.64
4633.33
4633.03
4632.72
4632.42
4632.11
4631.81
4631.51
4631.21
4630.91
4630.61
4630.31
4630.01
4629.71
4629.41
4629.11
4628.81
4628.52
4628.22
4627.92
4627.63
4627.33
4627.04
4626.75
4626.45
4626.16
4625.87
4625.58
4625.28
4624.99
4624.7
4624.41
4624.12
4623.84
4623.55
4623.26
4622.97
4622.68
4622.4
4622.11
4621.83
4621.54
4621.26
4620.97
4620.69
4620.41
4620.12
4619.84
4619.56
4619.28
4619
4618.72
4618.44
4618.16
4617.88
4617.6
4617.32
4617.04
4616.77
4616.49
4616.21
4615.94
4615.66
4615.39
4615.11
4614.84
4614.56
4614.29
4614.02
4613.74
4613.47
4613.2
4612.93
4612.66
4612.39
4612.12
4611.85
4611.58
4611.31
4611.04
4610.77
4610.51
4610.24
4609.97
4609.71
4609.44
4609.17
4608.91
4608.64
4608.38
4608.12
4607.85
4607.59
4607.33
4607.06
4606.8
4606.54
4606.28
4606.02
4605.76
4605.5
4605.24
4604.98
4604.72
4604.46
4604.2
4603.95
4603.69
4603.43
4603.17
4602.92
4602.66
4602.41
4602.15
4601.9
4601.64
4601.39
4601.13
4600.88
4600.63
4600.38
4600.12
4599.87
4599.62
4599.37
4599.12
4598.87
4598.62
4598.37
4598.12
4597.87
4597.62
4597.37
4597.12
4596.88
4596.63
4596.38
4596.14
4595.89
4595.64
4595.4
4595.15
4594.91
4594.66
4594.42
4594.18
4593.93
4593.69
4593.45
4593.2
4592.96
4592.72
4592.48
4592.24
4592
4591.76
4591.52
4591.28
4591.04
4590.8
4590.56
4590.32
4590.08
4589.85
4589.61
