21825.1
18532.7
15560.2
13581
12426.8
11802.4
11492.3
11358.5
11315.4
11310.9
11312.7
11299.5
11255.2
11165.1
11015.9
10802.4
10541.6
10273.4
10026.9
9799.06
9573.84
9339.75
9092
8830.39
8557.49
8277.53
7995.96
7718.99
7452.98
7203.63
6975.28
6770.34
6589.22
6430.79
6293.05
6173.66
6070.26
5980.84
5903.37
5836.61
5778.56
5729.17
5685.32
5649.94
5615.24
5593.32
5560.26
5558.11
5508.86
5553.69
5435.43
5624.35
5273.9
5957.37
4920.74
7482.39
5023.29
13288.5
6996.63
13139.2
5662.42
8882.69
4981.03
7137.85
4914.32
6563.63
4986.67
6330.03
5051.16
6215.95
5088.51
6158.4
5100.03
6135.12
5090.17
6137.84
5063.16
6163.9
5022.61
6212.69
4972.02
6283
4915.54
6370.26
4858.47
6463.42
4807.04
6543.39
4767.27
6587.07
4743.43
6578.09
4737.18
6517.08
4747.37
6420.82
4770.28
6310.9
4800.73
6203.61
4833.72
6107.3
4865.65
6024.47
4894.45
5954.64
4919.27
5896.22
4939.98
5847.4
4956.84
5806.54
4970.25
5772.26
4980.67
5743.42
4988.52
5719.13
4994.19
5698.64
4998.02
5681.38
5000.32
5666.83
5001.33
5654.61
5001.28
5644.35
5000.35
5635.76
4998.73
5628.57
4996.56
5622.54
4993.97
5617.45
4991.1
5613.11
4988.05
5609.31
4984.92
5605.88
4981.82
5602.65
4978.83
5599.48
4976.01
5596.22
4973.44
5592.75
4971.16
5588.96
4969.22
5584.79
4967.63
5580.16
4966.43
5575.03
4965.6
5569.39
4965.15
5563.23
4965.05
5556.57
4965.29
5549.45
4965.82
5541.89
4966.62
5533.97
4967.65
5525.72
4968.86
5517.21
4970.23
5508.49
4971.7
5499.63
4973.24
5490.67
4974.83
5481.67
4976.42
5472.66
4977.99
5463.68
4979.52
5454.77
4980.98
5445.96
4982.36
5437.26
4983.65
5428.7
4984.83
5420.29
4985.89
5412.03
4986.83
5403.94
4987.64
5396.03
4988.32
5388.29
4988.87
5380.72
4989.29
5373.32
4989.58
5366.1
4989.75
5359.04
4989.79
5352.15
4989.72
5345.41
4989.52
5338.82
4989.22
5332.38
4988.82
5326.08
4988.31
5319.92
4987.71
5313.88
4987.02
5307.97
4986.24
5302.17
4985.39
5296.49
4984.46
5290.9
4983.46
5285.42
4982.4
5280.03
4981.28
5274.73
4980.11
5269.51
4978.88
5264.36
4977.61
5259.29
4976.29
5254.29
4974.93
5249.35
4973.54
5244.47
4972.11
5239.65
4970.65
5234.87
4969.17
5230.14
4967.65
5225.46
4966.12
5220.81
4964.56
5216.2
4962.97
5211.62
4961.37
5207.07
4959.76
5202.55
4958.12
5198.05
4956.47
5193.56
4954.81
5189.1
4953.14
5184.64
4951.46
5180.2
4949.77
5175.77
4948.07
5171.34
4946.37
5166.91
4944.67
5162.48
4942.97
5158.06
4941.27
5153.62
4939.58
5149.19
4937.91
5144.75
4936.24
5140.3
4934.59
5135.84
4932.97
5131.37
4931.37
5126.89
4929.8
5122.41
4928.26
5117.91
4926.76
5113.4
4925.3
5108.88
4923.88
5104.35
4922.5
5099.82
4921.17
5095.28
4919.9
5090.73
4918.67
5086.18
4917.5
5081.63
4916.38
5077.09
4915.32
5072.55
4914.31
5068.02
4913.35
5063.5
4912.45
5058.99
4911.6
5054.51
4910.81
5050.04
4910.07
5045.61
4909.37
5041.2
4908.72
5036.83
4908.12
5032.5
4907.56
5028.21
4907.05
5023.97
4906.57
5019.78
4906.13
5015.65
4905.73
5011.57
4905.36
5007.56
4905.01
5003.62
4904.7
4999.74
4904.41
4995.94
4904.14
4992.22
4903.9
4988.57
4903.67
4985.01
4903.46
4981.54
4903.26
4978.14
4903.07
4974.84
4902.89
4971.63
4902.72
4968.51
4902.56
4965.48
4902.4
4962.54
4902.25
4959.69
4902.09
4956.93
4901.93
4954.27
4901.78
4951.69
4901.62
4949.21
4901.46
4946.81
4901.29
4944.49
4901.12
4942.26
4900.94
4940.11
4900.76
4938.04
4900.57
4936.04
4900.37
4934.11
4900.16
4932.24
4899.95
4930.44
4899.73
4928.7
4899.51
4927.01
4899.28
4925.38
4899.04
4923.8
4898.79
4922.26
4898.54
4920.76
4898.29
4919.31
4898.03
4917.9
4897.76
4916.53
4897.5
4915.19
4897.23
4913.89
4896.96
4912.62
4896.69
4911.39
4896.42
4910.2
4896.15
4909.04
4895.88
4907.92
4895.62
4906.83
4895.35
4905.78
4895.09
4904.76
4894.83
4903.77
4894.57
4902.82
4894.3
4901.91
4894.04
4901.02
4893.78
4900.17
4893.52
4899.35
4893.26
4898.57
4892.99
4897.81
4892.72
4897.08
4892.45
4896.38
4892.17
4895.71
4891.9
4895.06
4891.61
4894.43
4891.33
4893.83
4891.04
4893.25
4890.74
4892.7
4890.45
4892.16
4890.14
4891.64
4889.84
4891.14
4889.53
4890.65
4889.22
4890.18
4888.91
4889.72
4888.59
4889.28
4888.27
4888.84
4887.95
4888.42
4887.63
4888.01
4887.31
4887.61
4886.99
4887.22
4886.66
4886.84
4886.34
4886.46
4886.01
4886.1
4885.69
4885.73
4885.36
4885.38
4885.04
4885.03
4884.72
4884.68
4884.4
4884.34
4884.08
4884
4883.76
4883.67
4883.44
4883.34
4883.12
4883.01
4882.81
4882.69
4882.5
4882.37
4882.18
4882.05
4881.87
4881.74
4881.56
4881.43
4881.26
4881.12
4880.95
4880.81
4880.65
4880.5
4880.34
4880.2
4880.04
4879.9
4879.74
4879.59
4879.44
4879.29
4879.14
4879
4878.85
4878.7
4878.55
4878.4
4878.26
4878.11
4877.96
4877.82
4877.67
4877.53
4877.38
4877.24
4877.09
4876.95
4876.8
4876.66
4876.51
4876.37
4876.23
4876.08
4875.94
4875.8
4875.65
4875.51
4875.37
4875.23
4875.09
4874.94
4874.8
4874.66
4874.52
4874.38
4874.24
4874.1
4873.96
4873.82
4873.68
4873.54
4873.4
4873.26
4873.12
4872.98
4872.84
4872.7
4872.56
4872.42
4872.28
4872.15
4872.01
4871.87
4871.73
4871.59
4871.46
4871.32
4871.18
4871.05
4870.91
4870.77
4870.64
4870.5
4870.36
4870.23
4870.09
4869.95
4869.82
4869.68
4869.55
4869.41
4869.28
4869.14
4869.01
4868.88
4868.74
4868.61
4868.48
4868.34
4868.21
4868.08
4867.94
4867.81
4867.68
4867.55
4867.42
4867.29
4867.16
4867.02
4866.89
4866.76
4866.63
4866.5
4866.38
4866.25
4866.12
4865.99
4865.86
4865.74
4865.61
4865.48
4865.35
4865.23
4865.1
4864.98
4864.85
4864.73
4864.6
4864.48
4864.36
4864.23
4864.11
4863.99
4863.87
4863.75
4863.63
4863.51
4863.39
4863.27
4863.15
4863.03
4862.91
4862.8
4862.68
4862.56
4862.45
4862.33
4862.22
4862.1
4861.99
4861.87
4861.76
4861.65
4861.54
4861.43
4861.32
4861.21
4861.1
4860.99
4860.88
4860.77
4860.67
4860.56
4860.46
4860.35
4860.25
4860.14
4860.04
4859.94
4859.84
4859.73
4859.63
4859.53
4859.44
4859.34
4859.24
4859.14
4859.05
4858.95
4858.85
4858.76
4858.67
4858.57
4858.48
4858.39
4858.3
4858.21
4858.12
4858.03
4857.94
4857.85
4857.77
4857.68
4857.6
4857.51
4857.43
4857.35
4857.26
4857.18
4857.1
4857.02
4856.94
4856.86
4856.79
4856.71
4856.63
4856.56
4856.48
4856.41
4856.33
4856.26
4856.19
4856.12
4856.05
4855.98
4855.91
4855.84
4855.78
4855.71
4855.64
4855.58
4855.52
4855.45
4855.39
4855.33
4855.27
4855.21
4855.15
4855.09
4855.03
4854.98
4854.92
4854.87
4854.81
4854.76
4854.71
4854.65
4854.6
4854.55
4854.5
4854.45
4854.41
4854.36
4854.31
4854.27
4854.22
4854.18
4854.14
4854.09
4854.05
4854.01
4853.97
4853.93
4853.9
4853.86
4853.82
4853.79
4853.75
4853.72
4853.68
4853.65
4853.62
4853.59
4853.56
4853.53
4853.5
4853.48
4853.45
4853.42
4853.4
4853.38
4853.35
4853.33
4853.31
4853.29
4853.27
4853.25
4853.23
4853.22
4853.2
4853.18
4853.17
4853.16
4853.14
4853.13
4853.12
4853.11
4853.1
4853.09
4853.09
4853.08
4853.07
4853.07
4853.06
4853.06
4853.06
4853.06
4853.06
4853.06
4853.06
4853.06
4853.06
4853.07
4853.07
4853.08
4853.08
4853.09
4853.1
4853.11
4853.12
4853.13
4853.14
4853.15
4853.16
4853.18
4853.19
4853.21
4853.23
4853.24
4853.26
4853.28
4853.3
4853.32
4853.34
4853.37
4853.39
4853.42
4853.44
4853.47
4853.5
4853.52
4853.55
4853.58
4853.61
4853.65
4853.68
4853.71
4853.75
4853.78
4853.82
4853.86
4853.89
4853.93
4853.97
4854.01
4854.06
4854.1
4854.14
4854.19
4854.23
4854.28
4854.32
4854.37
4854.42
4854.47
4854.52
4854.57
4854.63
4854.68
4854.73
4854.79
4854.84
4854.9
4854.96
4855.02
4855.08
4855.14
4855.2
4855.26
4855.32
4855.39
4855.45
4855.52
4855.59
4855.65
4855.72
4855.79
4855.86
4855.93
4856
4856.08
4856.15
4856.23
4856.3
4856.38
4856.46
4856.53
4856.61
4856.69
4856.77
4856.86
4856.94
4857.02
4857.11
4857.19
4857.28
4857.37
4857.45
4857.54
4857.63
4857.72
4857.82
4857.91
4858
4858.1
4858.19
4858.29
4858.38
4858.48
4858.58
4858.68
4858.78
4858.88
4858.99
4859.09
4859.19
4859.3
4859.4
4859.51
4859.62
4859.73
4859.84
4859.95
4860.06
4860.17
4860.28
4860.39
4860.51
4860.62
4860.74
4860.86
4860.98
4861.09
4861.21
4861.34
4861.46
4861.58
4861.7
4861.83
4861.95
4862.08
4862.2
4862.33
4862.46
4862.59
4862.72
4862.85
4862.98
4863.11
4863.25
4863.38
4863.52
4863.65
4863.79
4863.93
4864.07
4864.21
4864.35
4864.49
4864.63
4864.77
4864.92
4865.06
4865.21
4865.35
4865.5
4865.65
