34826.7
30244.9
26120.8
23252.6
21397.5
20215.9
19463.3
18979.6
18661.9
18443.9
18282.4
18147.5
18016.5
17869.1
17685.3
17447.2
17150.1
16815.7
16475.2
16138.8
15798.6
15444.8
15072.2
14679.1
14266.8
13838.3
13398.2
12952.1
12506.5
12068.1
11643
11236.4
10852.3
10492.9
10159
9850.26
9565.64
9303.77
9063.11
8842.07
8639.08
8452.62
8281.26
8123.7
7978.69
7845.11
7721.94
7608.26
7503.22
7406.16
7316.6
7234.71
7162.19
7105.89
7086.64
7173.92
7544.82
8776.12
11258.6
15349.5
14039.5
13731.3
10376.1
9675.67
8309.51
7870.08
7371.19
7175.62
6966.58
6867.61
6760.59
6700.76
6634.92
6593.31
6546.72
6515.07
6478.95
6453.86
6424.44
6404.68
6380.37
6365.82
6346.11
6337.42
6322.33
6320.73
6310.47
6317.49
6311.95
6328.78
6326.65
6352.84
6350.58
6382.32
6373.77
6403.2
6381.6
6399.41
6361.54
6362.3
6311.33
6296.53
6239.99
6215.7
6160.84
6133.22
6084.24
6057.15
6015.29
5990.46
5955.23
5933.06
5903.4
5883.72
5858.48
5840.94
5819.16
5803.4
5784.31
5770.01
5753.04
5739.94
5724.65
5712.56
5698.62
5687.37
5674.54
5664.01
5652.11
5642.2
5631.08
5621.72
5611.27
5602.4
5592.52
5584.09
5574.73
5566.69
5557.78
5550.1
5541.6
5534.25
5526.11
5519.07
5511.27
5504.51
5497.02
5490.52
5483.31
5477.06
5470.11
5464.09
5457.39
5451.58
5445.1
5439.5
5433.23
5427.81
5421.75
5416.51
5410.63
5405.56
5399.85
5394.94
5389.39
5384.63
5379.24
5374.62
5369.38
5364.88
5359.79
5355.42
5350.45
5346.2
5341.36
5337.21
5332.5
5328.46
5323.86
5319.91
5315.43
5311.58
5307.2
5303.44
5299.17
5295.49
5291.33
5287.72
5283.66
5280.13
5276.17
5272.71
5268.84
5265.46
5261.68
5258.37
5254.68
5251.43
5247.84
5244.65
5241.14
5238.02
5234.6
5231.53
5228.2
5225.19
5221.94
5218.98
5215.81
5212.92
5209.82
5206.98
5203.97
5201.18
5198.24
5195.51
5192.63
5189.95
5187.15
5184.52
5181.79
5179.21
5176.54
5174.01
5171.4
5168.92
5166.37
5163.94
5161.45
5159.06
5156.62
5154.27
5151.89
5149.59
5147.26
5145
5142.71
5140.49
5138.25
5136.07
5133.87
5131.73
5129.58
5127.47
5125.35
5123.28
5121.2
5119.15
5117.11
5115.1
5113.09
5111.11
5109.13
5107.18
5105.23
5103.31
5101.39
5099.49
5097.6
5095.73
5093.86
5092.01
5090.17
5088.34
5086.52
5084.72
5082.92
5081.13
5079.36
5077.6
5075.84
5074.1
5072.36
5070.63
5068.92
5067.21
5065.51
5063.82
5062.14
5060.47
5058.81
5057.15
5055.51
5053.87
5052.24
5050.62
5049.01
5047.4
5045.8
5044.21
5042.63
5041.06
5039.49
5037.93
5036.38
5034.84
5033.3
5031.78
5030.25
5028.74
5027.23
5025.73
5024.24
5022.76
5021.28
5019.81
5018.34
5016.88
5015.43
5013.99
5012.55
5011.12
5009.69
5008.27
5006.86
5005.45
5004.05
5002.66
5001.27
4999.89
4998.51
4997.14
4995.77
4994.41
4993.05
4991.7
4990.36
4989.02
4987.68
4986.35
4985.02
4983.7
4982.39
4981.07
4979.76
4978.46
4977.16
4975.86
4974.56
4973.27
4971.99
4970.7
4969.42
4968.15
4966.87
4965.6
4964.33
4963.07
4961.81
4960.55
4959.29
4958.04
4956.79
4955.54
4954.29
4953.05
4951.81
4950.58
4949.34
4948.11
4946.89
4945.66
4944.44
4943.23
4942.01
4940.8
4939.6
4938.4
4937.2
4936.01
4934.82
4933.64
4932.46
4931.29
4930.12
4928.96
4927.8
4926.65
4925.5
4924.36
4923.23
4922.1
4920.97
4919.86
4918.75
4917.64
4916.54
4915.45
4914.36
4913.28
4912.21
4911.14
4910.08
4909.02
4907.97
4906.93
4905.89
4904.86
4903.84
4902.82
4901.81
4900.8
4899.8
4898.81
4897.82
4896.84
4895.86
4894.89
4893.93
4892.97
4892.01
4891.07
4890.13
4889.19
4888.26
4887.33
4886.42
4885.5
4884.59
4883.69
4882.79
4881.9
4881.01
4880.13
4879.25
4878.38
4877.51
4876.65
4875.79
4874.94
4874.09
4873.25
4872.41
4871.58
4870.75
4869.93
4869.11
4868.3
4867.49
4866.68
4865.88
4865.08
4864.29
4863.5
4862.72
4861.94
4861.16
4860.39
4859.62
4858.86
4858.1
4857.34
4856.59
4855.84
4855.1
4854.36
4853.62
4852.89
4852.16
4851.43
4850.71
4849.99
4849.28
4848.57
4847.86
4847.16
4846.46
4845.76
4845.06
4844.37
4843.69
4843
4842.32
4841.64
4840.97
4840.3
4839.63
4838.96
4838.3
4837.64
4836.99
4836.33
4835.68
4835.04
4834.39
4833.75
4833.11
4832.48
4831.84
4831.21
4830.59
4829.96
4829.34
4828.72
4828.1
4827.49
4826.88
4826.27
4825.66
4825.06
4824.46
4823.86
4823.26
4822.67
4822.08
4821.49
4820.9
4820.32
4819.73
4819.15
4818.58
4818
4817.43
4816.86
4816.29
4815.73
4815.16
4814.6
4814.04
4813.49
4812.93
4812.38
4811.83
4811.28
4810.73
4810.19
4809.65
4809.11
4808.57
4808.03
4807.5
4806.96
4806.43
4805.91
4805.38
4804.85
4804.33
4803.81
4803.29
4802.77
4802.26
4801.75
4801.23
4800.72
4800.22
4799.71
4799.21
4798.7
4798.2
4797.7
4797.2
4796.71
4796.21
4795.72
4795.23
4794.74
4794.25
4793.77
4793.28
4792.8
4792.32
4791.84
4791.36
4790.88
4790.41
4789.94
4789.46
4788.99
4788.52
4788.06
4787.59
4787.13
4786.66
4786.2
4785.74
4785.28
4784.82
4784.37
4783.91
4783.46
4783.01
4782.56
4782.11
4781.66
4781.21
4780.77
4780.32
4779.88
4779.44
4779
4778.56
4778.12
4777.69
4777.25
4776.82
4776.39
4775.95
4775.52
4775.09
4774.67
4774.24
4773.81
4773.39
4772.97
4772.55
4772.12
4771.7
4771.29
4770.87
4770.45
4770.04
4769.62
4769.21
4768.8
4768.39
4767.98
4767.57
4767.16
4766.76
4766.35
4765.95
4765.54
4765.14
4764.74
4764.34
4763.94
4763.54
4763.14
4762.75
4762.35
4761.96
4761.56
4761.17
4760.78
4760.39
4760
4759.61
4759.23
4758.84
4758.45
4758.07
4757.69
4757.3
4756.92
4756.54
4756.16
4755.78
4755.4
4755.03
4754.65
4754.27
4753.9
4753.52
4753.15
4752.78
4752.41
4752.04
4751.67
4751.3
4750.93
4750.57
4750.2
4749.83
4749.47
4749.11
4748.74
4748.38
4748.02
4747.66
4747.3
4746.94
4746.59
4746.23
4745.87
4745.52
4745.16
4744.81
4744.45
4744.1
4743.75
4743.4
4743.05
4742.7
4742.35
4742
4741.66
4741.31
4740.97
4740.62
4740.28
4739.93
4739.59
4739.25
4738.91
4738.57
4738.23
4737.89
4737.55
4737.21
4736.88
4736.54
4736.2
4735.87
4735.54
4735.2
4734.87
4734.54
4734.21
4733.88
4733.55
4733.22
4732.89
4732.56
4732.23
4731.91
4731.58
4731.25
4730.93
4730.61
4730.28
4729.96
4729.64
4729.32
4728.99
4728.67
4728.35
4728.04
4727.72
4727.4
4727.08
4726.77
4726.45
4726.13
4725.82
4725.51
4725.19
4724.88
4724.57
4724.25
4723.94
4723.63
4723.32
4723.01
4722.7
4722.4
4722.09
4721.78
4721.47
4721.17
4720.86
4720.56
4720.25
4719.95
4719.65
4719.34
4719.04
4718.74
4718.44
4718.14
4717.84
4717.54
4717.24
4716.94
4716.64
4716.35
4716.05
4715.75
4715.46
4715.16
4714.87
4714.57
4714.28
4713.98
4713.69
4713.4
4713.11
4712.82
4712.53
4712.24
4711.95
4711.66
4711.37
4711.08
4710.79
4710.5
4710.22
4709.93
4709.64
4709.36
4709.07
4708.79
4708.5
4708.22
4707.94
4707.66
4707.37
4707.09
4706.81
4706.53
4706.25
4705.97
4705.69
4705.41
4705.13
4704.85
4704.57
4704.3
4704.02
4703.74
4703.47
4703.19
4702.92
4702.64
4702.37
4702.09
4701.82
4701.55
4701.27
4701
4700.73
4700.46
4700.19
4699.92
4699.65
4699.38
4699.11
4698.84
4698.57
4698.3
4698.03
4697.77
4697.5
4697.23
4696.97
4696.7
4696.44
4696.17
4695.91
4695.64
4695.38
4695.12
4694.85
4694.59
4694.33
4694.07
4693.8
4693.54
4693.28
4693.02
4692.76
4692.5
4692.24
4691.98
4691.72
4691.47
4691.21
4690.95
4690.69
4690.44
4690.18
4689.93
4689.67
4689.41
4689.16
4688.9
4688.65
4688.4
4688.14
4687.89
4687.64
4687.38
4687.13
4686.88
4686.63
4686.38
4686.13
4685.88
4685.63
4685.38
4685.13
4684.88
4684.63
4684.38
4684.13
4683.89
4683.64
4683.39
4683.14
4682.9
4682.65
4682.41
4682.16
4681.92
4681.67
4681.43
4681.18
4680.94
4680.7
4680.45
4680.21
4679.97
4679.72
4679.48
4679.24
4679
4678.76
4678.52
4678.28
4678.04
4677.8
4677.56
4677.32
4677.08
4676.84
4676.61
4676.37
4676.13
4675.89
4675.66
4675.42
4675.18
4674.95
4674.71
4674.48
4674.24
4674.01
4673.77
4673.54
4673.31
4673.07
4672.84
4672.61
4672.37
4672.14
4671.91
4671.68
4671.45
4671.22
4670.99
4670.75
4670.52
4670.29
4670.07
4669.84
4669.61
4669.38
4669.15
4668.92
4668.69
4668.47
4668.24
4668.01
4667.79
4667.56
4667.33
4667.11
4666.88
4666.66
4666.43
4666.21
4665.99
4665.76
4665.54
4665.31
4665.09
4664.87
4664.65
4664.42
4664.2
4663.98
4663.76
4663.54
4663.32
4663.1
4662.88
4662.66
4662.44
4662.22
4662
4661.78
4661.56
4661.35
4661.13
4660.91
4660.69
4660.48
4660.26
4660.04
4659.83
4659.61
4659.4
4659.18
4658.97
4658.75
4658.54
4658.32
4658.11
4657.9
4657.68
4657.47
4657.26
4657.05
4656.83
4656.62
4656.41
4656.2
4655.99
4655.78
4655.57
4655.36
4655.15
4654.94
4654.73
4654.52
4654.31
4654.1
4653.9
4653.69
4653.48
4653.27
4653.07
4652.86
4652.65
4652.45
4652.24
4652.04
4651.83
4651.63
4651.42
4651.22
4651.01
4650.81
4650.61
4650.4
4650.2
4650
4649.8
4649.59
4649.39
4649.19
4648.99
4648.79
4648.59
4648.39
4648.19
4647.99
4647.79
4647.59
4647.39
4647.19
4646.99
4646.79
4646.6
4646.4
4646.2
4646
4645.81
4645.61
4645.42
4645.22
4645.02
4644.83
4644.63
4644.44
4644.24
4644.05
4643.86
4643.66
4643.47
4643.28
4643.08
4642.89
4642.7
4642.51
4642.31
4642.12
4641.93
4641.74
4641.55
4641.36
4641.17
4640.98
4640.79
4640.6
4640.41
4640.22
4640.03
4639.85
4639.66
4639.47
4639.28
4639.1
4638.91
4638.72
4638.54
4638.35
4638.16
4637.98
4637.79
4637.61
4637.42
4637.24
4637.06
4636.87
4636.69
4636.5
4636.32
4636.14
4635.96
4635.77
4635.59
4635.41
4635.23
4635.05
4634.87
4634.69
4634.5
4634.32
4634.14
4633.96
4633.79
4633.61
4633.43
4633.25
4633.07
4632.89
4632.71
4632.54
4632.36
4632.18
4632
4631.83
4631.65
4631.48
4631.3
4631.12
4630.95
4630.77
4630.6
4630.42
4630.25
4630.08
4629.9
4629.73
4629.55
4629.38
4629.21
4629.04
4628.86
4628.69
4628.52
4628.35
4628.18
4628.01
4627.83
4627.66
4627.49
4627.32
4627.15
4626.98
4626.81
4626.65
4626.48
4626.31
4626.14
4625.97
4625.8
4625.64
4625.47
4625.3
4625.13
4624.97
4624.8
4624.63
4624.47
4624.3
4624.14
4623.97
4623.81
4623.64
4623.48
4623.31
4623.15
4622.98
4622.82
4622.66
4622.49
4622.33
4622.17
4622
4621.84
4621.68
4621.52
4621.36
4621.19
4621.03
4620.87
4620.71
4620.55
4620.39
4620.23
4620.07
4619.91
4619.75
4619.59
4619.43
4619.27
4619.11
4618.96
4618.8
4618.64
4618.48
4618.33
4618.17
4618.01
4617.85
4617.7
4617.54
4617.38
4617.23
4617.07
4616.92
4616.76
4616.61
4616.45
4616.3
4616.14
4615.99
4615.83
4615.68
4615.53
4615.37
4615.22
4615.07
4614.91
4614.76
4614.61
4614.46
4614.3
4614.15
4614
4613.85
4613.7
4613.55
4613.4
4613.25
4613.1
4612.95
4612.8
4612.65
4612.5
4612.35
4612.2
4612.05
4611.9
4611.75
4611.6
4611.46
4611.31
4611.16
4611.01
4610.86
4610.72
4610.57
4610.42
4610.28
4610.13
4609.98
4609.84
4609.69
4609.55
4609.4
4609.26
4609.11
4608.97
4608.82
4608.68
4608.53
4608.39
4608.24
4608.1
4607.96
4607.81
4607.67
4607.53
4607.38
4607.24
4607.1
4606.96
4606.81
4606.67
4606.53
4606.39
4606.25
4606.11
4605.97
4605.82
4605.68
4605.54
4605.4
4605.26
4605.12
4604.98
4604.84
4604.7
4604.56
4604.43
4604.29
4604.15
4604.01
4603.87
4603.73
4603.6
4603.46
4603.32
4603.18
4603.04
4602.91
4602.77
4602.63
4602.5
4602.36
4602.22
4602.09
4601.95
4601.82
4601.68
4601.55
4601.41
4601.27
4601.14
4601.01
4600.87
4600.74
4600.6
4600.47
4600.33
4600.2
4600.07
4599.93
4599.8
4599.67
4599.53
4599.4
4599.27
4599.14
4599
4598.87
4598.74
4598.61
4598.48
4598.34
4598.21
4598.08
4597.95
4597.82
4597.69
4597.56
4597.43
4597.3
4597.17
4597.04
4596.91
4596.78
4596.65
4596.52
4596.39
4596.26
4596.13
4596
4595.88
4595.75
4595.62
4595.49
4595.36
4595.23
4595.11
4594.98
4594.85
4594.73
4594.6
4594.47
4594.34
4594.22
4594.09
4593.97
4593.84
4593.71
4593.59
4593.46
4593.34
4593.21
4593.09
4592.96
4592.84
4592.71
4592.59
4592.46
4592.34
4592.21
4592.09
4591.96
4591.84
4591.72
4591.59
4591.47
4591.35
4591.22
4591.1
4590.98
4590.86
4590.73
4590.61
4590.49
4590.37
4590.24
4590.12
4590
4589.88
4589.76
4589.64
4589.51
4589.39
4589.27
4589.15
4589.03
4588.91
4588.79
4588.67
4588.55
4588.43
4588.31
4588.19
4588.07
4587.95
4587.83
4587.71
4587.6
4587.48
4587.36
4587.24
4587.12
4587
4586.88
4586.77
4586.65
4586.53
4586.41
4586.3
4586.18
4586.06
4585.94
4585.83
4585.71
4585.59
4585.48
4585.36
4585.24
4585.13
4585.01
4584.89
4584.78
4584.66
4584.55
4584.43
4584.32
4584.2
4584.09
4583.97
4583.86
4583.74
4583.63
4583.51
4583.4
4583.28
4583.17
4583.06
4582.94
4582.83
4582.72
4582.6
4582.49
4582.38
4582.26
4582.15
4582.04
4581.92
4581.81
4581.7
4581.59
4581.47
4581.36
4581.25
4581.14
4581.03
4580.91
4580.8
4580.69
4580.58
4580.47
4580.36
4580.25
4580.14
4580.02
4579.91
4579.8
4579.69
4579.58
4579.47
4579.36
4579.25
4579.14
4579.03
4578.92
4578.81
4578.71
4578.6
4578.49
4578.38
4578.27
4578.16
4578.05
4577.94
4577.83
4577.73
4577.62
4577.51
4577.4
4577.29
4577.19
4577.08
4576.97
4576.86
4576.76
4576.65
4576.54
4576.44
4576.33
4576.22
4576.11
4576.01
4575.9
4575.8
4575.69
4575.58
4575.48
4575.37
4575.27
4575.16
4575.05
4574.95
4574.84
4574.74
4574.63
4574.53
4574.42
4574.32
4574.21
4574.11
4574
4573.9
4573.8
4573.69
4573.59
4573.48
4573.38
4573.28
4573.17
4573.07
4572.97
4572.86
4572.76
4572.66
4572.55
4572.45
4572.35
4572.24
4572.14
4572.04
4571.94
4571.83
4571.73
4571.63
4571.53
4571.43
4571.32
4571.22
4571.12
4571.02
4570.92
4570.82
4570.72
4570.62
4570.51
4570.41
4570.31
4570.21
4570.11
4570.01
4569.91
4569.81
4569.71
4569.61
4569.51
4569.41
4569.31
4569.21
4569.11
4569.01
4568.91
4568.81
4568.71
4568.61
4568.52
4568.42
4568.32
4568.22
4568.12
4568.02
4567.92
4567.82
4567.73
4567.63
4567.53
4567.43
4567.33
4567.24
4567.14
4567.04
4566.94
4566.85
4566.75
4566.65
4566.55
4566.46
4566.36
4566.26
4566.17
4566.07
4565.97
4565.88
4565.78
4565.69
4565.59
4565.49
4565.4
4565.3
4565.21
4565.11
4565.01
4564.92
4564.82
4564.73
4564.63
4564.54
4564.44
4564.35
4564.25
4564.16
4564.06
4563.97
4563.87
4563.78
4563.68
4563.59
4563.5
4563.4
4563.31
4563.21
4563.12
4563.03
4562.93
4562.84
4562.75
4562.65
4562.56
4562.47
4562.37
4562.28
4562.19
4562.09
4562
4561.91
4561.82
4561.72
4561.63
4561.54
4561.45
4561.35
4561.26
4561.17
4561.08
4560.99
4560.89
4560.8
4560.71
4560.62
4560.53
4560.44
4560.35
4560.26
4560.16
4560.07
4559.98
4559.89
4559.8
4559.71
4559.62
4559.53
4559.44
4559.35
4559.26
4559.17
4559.08
4558.99
4558.9
4558.81
4558.72
4558.63
4558.54
4558.45
4558.36
4558.27
4558.18
4558.09
4558
4557.91
4557.83
4557.74
4557.65
4557.56
4557.47
4557.38
4557.29
4557.21
4557.12
4557.03
4556.94
4556.85
4556.77
4556.68
4556.59
4556.5
4556.41
4556.33
4556.24
4556.15
4556.07
4555.98
4555.89
4555.8
4555.72
4555.63
4555.54
4555.46
4555.37
4555.28
4555.2
4555.11
4555.02
4554.94
4554.85
4554.77
4554.68
4554.59
4554.51
4554.42
4554.34
4554.25
4554.17
4554.08
4553.99
4553.91
4553.82
4553.74
4553.65
4553.57
4553.48
4553.4
4553.31
4553.23
4553.14
4553.06
4552.98
4552.89
4552.81
4552.72
4552.64
4552.55
4552.47
4552.39
4552.3
4552.22
4552.14
4552.05
4551.97
4551.88
4551.8
4551.72
4551.63
4551.55
4551.47
4551.39
4551.3
4551.22
4551.14
4551.05
4550.97
4550.89
4550.81
4550.72
4550.64
4550.56
4550.48
4550.39
4550.31
4550.23
4550.15
4550.07
4549.98
4549.9
4549.82
4549.74
4549.66
4549.58
4549.5
4549.41
4549.33
4549.25
4549.17
4549.09
4549.01
4548.93
4548.85
4548.77
4548.69
4548.61
4548.52
4548.44
4548.36
4548.28
4548.2
4548.12
4548.04
4547.96
4547.88
4547.8
4547.72
4547.64
4547.56
4547.48
4547.41
4547.33
4547.25
4547.17
4547.09
4547.01
4546.93
4546.85
4546.77
4546.69
4546.61
4546.54
4546.46
4546.38
4546.3
4546.22
4546.14
4546.06
4545.99
4545.91
4545.83
4545.75
4545.67
4545.6
4545.52
4545.44
4545.36
4545.28
4545.21
4545.13
4545.05
4544.97
4544.9
4544.82
4544.74
4544.67
4544.59
4544.51
4544.43
4544.36
4544.28
4544.2
4544.13
4544.05
4543.97
4543.9
4543.82
4543.75
4543.67
4543.59
4543.52
4543.44
4543.37
4543.29
4543.21
4543.14
4543.06
4542.99
4542.91
4542.84
4542.76
4542.68
4542.61
4542.53
4542.46
4542.38
4542.31
4542.23
4542.16
4542.08
4542.01
4541.93
4541.86
4541.78
4541.71
4541.64
4541.56
4541.49
4541.41
4541.34
4541.26
4541.19
4541.12
4541.04
4540.97
4540.89
4540.82
4540.75
4540.67
4540.6
4540.53
4540.45
4540.38
4540.31
4540.23
4540.16
4540.09
4540.01
4539.94
4539.87
4539.79
4539.72
4539.65
4539.58
4539.5
4539.43
4539.36
4539.29
4539.21
4539.14
4539.07
4539
4538.92
4538.85
4538.78
4538.71
4538.64
4538.57
4538.49
4538.42
4538.35
4538.28
4538.21
4538.14
4538.06
4537.99
4537.92
4537.85
4537.78
4537.71
4537.64
4537.57
4537.5
4537.42
4537.35
4537.28
4537.21
4537.14
4537.07
4537
4536.93
4536.86
4536.79
4536.72
4536.65
4536.58
4536.51
4536.44
4536.37
4536.3
4536.23
4536.16
4536.09
4536.02
4535.95
4535.88
4535.81
4535.74
4535.67
4535.6
4535.53
4535.46
4535.4
4535.33
4535.26
4535.19
4535.12
4535.05
4534.98
4534.91
4534.84
4534.78
4534.71
4534.64
4534.57
4534.5
4534.43
4534.37
4534.3
4534.23
4534.16
4534.09
4534.02
4533.96
4533.89
4533.82
4533.75
4533.69
4533.62
4533.55
4533.48
4533.42
4533.35
4533.28
4533.21
4533.15
4533.08
4533.01
4532.95
4532.88
4532.81
4532.74
4532.68
4532.61
4532.54
4532.48
4532.41
4532.34
4532.28
4532.21
4532.14
4532.08
4532.01
4531.95
4531.88
4531.81
4531.75
4531.68
4531.62
4531.55
4531.48
4531.42
4531.35
4531.29
4531.22
4531.16
4531.09
4531.02
4530.96
4530.89
4530.83
4530.76
4530.7
4530.63
4530.57
4530.5
4530.44
4530.37
4530.31
4530.24
4530.18
4530.11
4530.05
4529.98
4529.92
4529.86
4529.79
4529.73
4529.66
4529.6
4529.53
4529.47
4529.41
4529.34
4529.28
4529.21
4529.15
4529.09
4529.02
4528.96
4528.89
4528.83
4528.77
4528.7
4528.64
4528.58
4528.51
4528.45
4528.39
4528.32
4528.26
4528.2
4528.13
4528.07
4528.01
4527.95
4527.88
4527.82
4527.76
4527.69
4527.63
4527.57
4527.51
4527.44
4527.38
4527.32
4527.26
4527.19
4527.13
4527.07
4527.01
4526.95
4526.88
4526.82
4526.76
4526.7
4526.64
4526.57
4526.51
4526.45
4526.39
4526.33
4526.27
4526.2
4526.14
4526.08
4526.02
4525.96
4525.9
4525.84
4525.78
4525.71
4525.65
4525.59
4525.53
4525.47
4525.41
4525.35
4525.29
4525.23
4525.17
4525.11
4525.05
4524.98
4524.92
4524.86
4524.8
4524.74
4524.68
4524.62
4524.56
4524.5
4524.44
4524.38
4524.32
4524.26
4524.2
4524.14
4524.08
4524.02
4523.96
4523.9
4523.84
4523.79
4523.73
4523.67
4523.61
4523.55
4523.49
4523.43
4523.37
4523.31
4523.25
4523.19
4523.13
4523.07
4523.02
4522.96
4522.9
4522.84
4522.78
4522.72
4522.66
4522.6
4522.55
4522.49
4522.43
4522.37
4522.31
4522.25
4522.2
4522.14
4522.08
4522.02
4521.96
4521.91
4521.85
4521.79
4521.73
4521.67
4521.62
4521.56
4521.5
4521.44
4521.39
4521.33
4521.27
4521.21
4521.16
4521.1
4521.04
4520.98
4520.93
4520.87
4520.81
4520.75
4520.7
4520.64
4520.58
4520.53
4520.47
4520.41
4520.36
4520.3
4520.24
4520.19
4520.13
4520.07
4520.02
4519.96
4519.9
4519.85
4519.79
4519.73
4519.68
4519.62
4519.57
4519.51
4519.45
4519.4
4519.34
4519.29
4519.23
4519.17
4519.12
4519.06
4519.01
4518.95
4518.9
4518.84
4518.78
4518.73
4518.67
4518.62
4518.56
4518.51
4518.45
4518.4
4518.34
4518.29
4518.23
4518.18
4518.12
4518.07
4518.01
4517.96
4517.9
4517.85
4517.79
4517.74
4517.68
4517.63
4517.57
4517.52
4517.46
4517.41
4517.35
4517.3
4517.25
4517.19
4517.14
4517.08
4517.03
4516.97
4516.92
4516.87
4516.81
4516.76
4516.7
4516.65
4516.6
4516.54
4516.49
4516.44
4516.38
4516.33
4516.27
4516.22
4516.17
4516.11
4516.06
4516.01
4515.95
4515.9
4515.85
4515.79
4515.74
4515.69
4515.63
4515.58
4515.53
4515.48
4515.42
4515.37
4515.32
4515.26
4515.21
4515.16
4515.11
4515.05
4515
4514.95
4514.9
4514.84
4514.79
4514.74
4514.69
4514.63
4514.58
4514.53
4514.48
4514.42
4514.37
4514.32
4514.27
4514.22
4514.16
4514.11
4514.06
4514.01
4513.96
4513.91
4513.85
4513.8
4513.75
4513.7
4513.65
4513.6
4513.54
4513.49
4513.44
4513.39
4513.34
4513.29
4513.24
4513.18
4513.13
4513.08
4513.03
4512.98
4512.93
4512.88
4512.83
4512.78
4512.72
4512.67
4512.62
4512.57
4512.52
4512.47
4512.42
4512.37
4512.32
4512.27
4512.22
4512.17
4512.12
4512.07
4512.02
4511.97
4511.92
4511.87
4511.82
4511.77
4511.72
4511.67
4511.62
4511.57
4511.52
4511.47
4511.42
4511.37
4511.32
4511.27
4511.22
4511.17
4511.12
4511.07
4511.02
4510.97
4510.92
4510.87
4510.82
4510.77
4510.72
4510.67
4510.62
4510.57
4510.52
4510.47
4510.43
4510.38
4510.33
4510.28
4510.23
4510.18
4510.13
4510.08
4510.03
4509.98
4509.94
4509.89
4509.84
4509.79
4509.74
4509.69
4509.64
4509.59
4509.55
4509.5
4509.45
4509.4
4509.35
4509.3
4509.26
4509.21
4509.16
4509.11
4509.06
4509.02
4508.97
4508.92
4508.87
4508.82
4508.78
4508.73
4508.68
4508.63
4508.58
4508.54
4508.49
4508.44
4508.39
4508.35
4508.3
4508.25
4508.2
4508.16
4508.11
4508.06
4508.01
4507.97
4507.92
4507.87
4507.82
4507.78
4507.73
4507.68
4507.64
4507.59
4507.54
4507.49
4507.45
4507.4
4507.35
4507.31
4507.26
4507.21
4507.17
4507.12
4507.07
4507.03
4506.98
4506.93
4506.89
4506.84
4506.79
4506.75
4506.7
4506.65
4506.61
4506.56
4506.52
4506.47
4506.42
4506.38
4506.33
4506.28
4506.24
4506.19
4506.15
4506.1
4506.05
4506.01
4505.96
4505.92
4505.87
4505.83
4505.78
4505.73
4505.69
4505.64
4505.6
4505.55
4505.51
4505.46
4505.41
4505.37
4505.32
4505.28
4505.23
4505.19
4505.14
4505.1
4505.05
4505.01
4504.96
4504.92
4504.87
4504.83
4504.78
4504.74
4504.69
4504.65
4504.6
4504.56
4504.51
4504.47
4504.42
4504.38
4504.33
4504.29
4504.24
4504.2
4504.15
4504.11
4504.07
4504.02
4503.98
4503.93
4503.89
4503.84
4503.8
4503.75
4503.71
4503.67
4503.62
4503.58
4503.53
4503.49
4503.45
4503.4
4503.36
4503.31
4503.27
4503.23
4503.18
4503.14
4503.09
4503.05
4503.01
4502.96
4502.92
4502.88
4502.83
4502.79
4502.74
4502.7
4502.66
4502.61
4502.57
4502.53
4502.48
4502.44
4502.4
4502.35
4502.31
4502.27
4502.22
4502.18
4502.14
4502.09
4502.05
4502.01
4501.97
4501.92
4501.88
4501.84
4501.79
4501.75
4501.71
4501.66
4501.62
4501.58
4501.54
4501.49
4501.45
4501.41
4501.37
4501.32
4501.28
4501.24
4501.2
4501.15
4501.11
4501.07
4501.03
4500.98
4500.94
4500.9
4500.86
4500.82
4500.77
4500.73
4500.69
4500.65
4500.6
4500.56
4500.52
4500.48
4500.44
4500.39
4500.35
4500.31
4500.27
4500.23
4500.19
4500.14
4500.1
4500.06
4500.02
4499.98
4499.94
4499.89
4499.85
4499.81
4499.77
4499.73
4499.69
4499.64
4499.6
4499.56
4499.52
4499.48
4499.44
4499.4
4499.36
4499.31
4499.27
4499.23
4499.19
4499.15
4499.11
4499.07
4499.03
4498.99
4498.95
4498.9
4498.86
4498.82
4498.78
4498.74
4498.7
4498.66
4498.62
4498.58
4498.54
4498.5
4498.46
4498.42
4498.38
4498.34
4498.29
4498.25
4498.21
4498.17
4498.13
4498.09
4498.05
4498.01
4497.97
4497.93
4497.89
4497.85
4497.81
4497.77
4497.73
4497.69
4497.65
4497.61
4497.57
4497.53
4497.49
4497.45
4497.41
4497.37
4497.33
4497.29
4497.25
4497.21
4497.17
4497.13
4497.09
4497.05
4497.01
4496.98
4496.94
4496.9
4496.86
4496.82
4496.78
4496.74
4496.7
4496.66
4496.62
4496.58
4496.54
4496.5
4496.46
4496.42
4496.38
4496.35
4496.31
4496.27
4496.23
4496.19
4496.15
4496.11
4496.07
4496.03
4495.99
4495.96
4495.92
4495.88
4495.84
4495.8
4495.76
4495.72
4495.68
4495.65
4495.61
4495.57
4495.53
4495.49
4495.45
4495.41
4495.38
4495.34
4495.3
4495.26
4495.22
4495.18
4495.15
4495.11
4495.07
4495.03
4494.99
4494.95
4494.92
4494.88
4494.84
4494.8
4494.76
4494.73
4494.69
4494.65
4494.61
4494.57
4494.54
4494.5
4494.46
4494.42
4494.39
4494.35
4494.31
4494.27
4494.23
4494.2
4494.16
4494.12
4494.08
4494.05
4494.01
4493.97
4493.93
4493.9
4493.86
4493.82
4493.78
4493.75
4493.71
4493.67
4493.63
4493.6
4493.56
4493.52
4493.49
4493.45
4493.41
4493.37
4493.34
4493.3
4493.26
4493.23
4493.19
4493.15
4493.11
4493.08
4493.04
4493
4492.97
4492.93
4492.89
4492.86
4492.82
4492.78
4492.75
4492.71
4492.67
4492.64
4492.6
4492.56
4492.53
4492.49
4492.45
4492.42
4492.38
4492.34
4492.31
4492.27
4492.24
4492.2
4492.16
4492.13
4492.09
4492.05
4492.02
4491.98
4491.95
4491.91
4491.87
4491.84
4491.8
4491.76
4491.73
4491.69
4491.66
4491.62
4491.59
4491.55
4491.51
4491.48
4491.44
4491.41
4491.37
4491.33
4491.3
4491.26
4491.23
4491.19
4491.16
4491.12
4491.08
4491.05
4491.01
4490.98
4490.94
4490.91
4490.87
4490.84
4490.8
4490.77
4490.73
4490.69
4490.66
4490.62
4490.59
4490.55
4490.52
4490.48
4490.45
4490.41
4490.38
4490.34
4490.31
4490.27
4490.24
4490.2
4490.17
4490.13
4490.1
4490.06
4490.03
4489.99
4489.96
4489.92
4489.89
4489.85
4489.82
4489.78
4489.75
4489.71
4489.68
4489.64
4489.61
4489.58
4489.54
4489.51
4489.47
4489.44
4489.4
4489.37
4489.33
4489.3
4489.27
4489.23
4489.2
4489.16
4489.13
4489.09
4489.06
4489.03
4488.99
4488.96
4488.92
4488.89
4488.85
4488.82
4488.79
4488.75
4488.72
4488.68
4488.65
4488.62
4488.58
4488.55
4488.51
4488.48
4488.45
4488.41
4488.38
4488.34
4488.31
4488.28
4488.24
4488.21
4488.18
4488.14
4488.11
4488.08
4488.04
4488.01
4487.97
4487.94
4487.91
4487.87
4487.84
4487.81
4487.77
4487.74
4487.71
4487.67
4487.64
4487.61
4487.57
4487.54
4487.51
4487.47
4487.44
4487.41
4487.37
4487.34
4487.31
4487.27
4487.24
4487.21
4487.18
4487.14
4487.11
4487.08
4487.04
4487.01
4486.98
4486.94
4486.91
4486.88
4486.85
4486.81
4486.78
4486.75
4486.72
4486.68
4486.65
4486.62
4486.58
4486.55
4486.52
4486.49
4486.45
4486.42
4486.39
4486.36
4486.32
4486.29
4486.26
4486.23
4486.19
4486.16
4486.13
4486.1
4486.06
4486.03
4486
4485.97
4485.94
4485.9
4485.87
4485.84
4485.81
4485.77
4485.74
4485.71
4485.68
4485.65
4485.61
4485.58
4485.55
4485.52
4485.49
4485.45
4485.42
4485.39
4485.36
4485.33
4485.3
4485.26
4485.23
4485.2
4485.17
4485.14
4485.1
4485.07
4485.04
4485.01
4484.98
4484.95
4484.91
4484.88
4484.85
4484.82
4484.79
4484.76
4484.73
4484.69
4484.66
4484.63
4484.6
4484.57
4484.54
4484.51
4484.47
4484.44
4484.41
4484.38
4484.35
4484.32
4484.29
4484.26
4484.23
4484.19
4484.16
4484.13
4484.1
4484.07
4484.04
4484.01
4483.98
4483.95
4483.91
4483.88
4483.85
4483.82
4483.79
4483.76
4483.73
4483.7
4483.67
4483.64
4483.61
4483.58
4483.54
4483.51
4483.48
4483.45
4483.42
4483.39
4483.36
4483.33
4483.3
4483.27
4483.24
4483.21
4483.18
4483.15
4483.12
4483.09
4483.06
4483.03
4483
4482.97
4482.93
4482.9
4482.87
4482.84
4482.81
4482.78
4482.75
4482.72
4482.69
4482.66
4482.63
4482.6
4482.57
4482.54
4482.51
4482.48
4482.45
4482.42
4482.39
4482.36
4482.33
4482.3
4482.27
4482.24
4482.21
4482.18
4482.15
4482.12
4482.09
4482.06
4482.03
4482
4481.97
4481.95
4481.92
4481.89
4481.86
4481.83
4481.8
4481.77
4481.74
4481.71
4481.68
4481.65
4481.62
4481.59
4481.56
4481.53
4481.5
4481.47
4481.44
4481.41
4481.38
4481.36
4481.33
4481.3
4481.27
4481.24
4481.21
4481.18
4481.15
4481.12
4481.09
4481.06
4481.03
4481.01
4480.98
4480.95
4480.92
4480.89
4480.86
4480.83
4480.8
4480.77
4480.74
4480.72
4480.69
4480.66
4480.63
4480.6
4480.57
4480.54
4480.51
4480.48
4480.46
4480.43
4480.4
4480.37
4480.34
4480.31
4480.28
4480.26
4480.23
4480.2
4480.17
4480.14
4480.11
4480.08
4480.06
4480.03
4480
4479.97
4479.94
4479.91
4479.88
4479.86
4479.83
4479.8
4479.77
4479.74
4479.71
4479.69
4479.66
4479.63
4479.6
4479.57
4479.55
4479.52
4479.49
4479.46
4479.43
4479.4
4479.38
4479.35
4479.32
4479.29
4479.26
4479.24
4479.21
4479.18
4479.15
4479.13
4479.1
4479.07
4479.04
4479.01
4478.99
4478.96
4478.93
4478.9
4478.87
4478.85
4478.82
4478.79
4478.76
4478.74
4478.71
4478.68
4478.65
4478.63
4478.6
4478.57
4478.54
4478.52
4478.49
4478.46
4478.43
4478.41
4478.38
4478.35
4478.32
4478.3
4478.27
4478.24
4478.21
4478.19
4478.16
4478.13
4478.1
4478.08
4478.05
4478.02
4478
4477.97
4477.94
4477.91
4477.89
4477.86
4477.83
4477.81
4477.78
4477.75
4477.73
4477.7
4477.67
4477.64
4477.62
4477.59
4477.56
4477.54
4477.51
4477.48
4477.46
4477.43
4477.4
4477.38
4477.35
4477.32
4477.29
4477.27
4477.24
4477.21
4477.19
4477.16
4477.13
4477.11
4477.08
4477.05
4477.03
4477
4476.98
4476.95
4476.92
4476.9
4476.87
4476.84
4476.82
4476.79
4476.76
4476.74
4476.71
4476.68
4476.66
4476.63
4476.61
4476.58
4476.55
4476.53
4476.5
4476.47
4476.45
4476.42
4476.4
4476.37
4476.34
4476.32
4476.29
4476.26
4476.24
4476.21
4476.19
4476.16
4476.13
4476.11
4476.08
4476.06
4476.03
4476
4475.98
4475.95
4475.93
4475.9
4475.87
4475.85
4475.82
4475.8
4475.77
4475.75
4475.72
4475.69
4475.67
4475.64
4475.62
4475.59
4475.57
4475.54
4475.51
4475.49
4475.46
4475.44
4475.41
4475.39
4475.36
4475.34
4475.31
4475.28
4475.26
4475.23
4475.21
4475.18
4475.16
4475.13
4475.11
4475.08
4475.06
4475.03
4475.01
4474.98
4474.95
4474.93
4474.9
4474.88
4474.85
4474.83
4474.8
4474.78
4474.75
4474.73
4474.7
4474.68
4474.65
4474.63
4474.6
4474.58
4474.55
4474.53
4474.5
4474.48
4474.45
4474.43
4474.4
4474.38
4474.35
4474.33
4474.3
4474.28
4474.25
4474.23
4474.2
4474.18
4474.15
4474.13
4474.1
4474.08
4474.05
4474.03
4474.01
4473.98
4473.96
4473.93
4473.91
4473.88
4473.86
4473.83
4473.81
4473.78
4473.76
4473.73
4473.71
4473.69
4473.66
4473.64
4473.61
4473.59
4473.56
4473.54
4473.51
4473.49
4473.47
4473.44
4473.42
4473.39
4473.37
4473.34
4473.32
4473.3
4473.27
4473.25
4473.22
4473.2
4473.17
4473.15
4473.13
4473.1
4473.08
4473.05
4473.03
4473.01
4472.98
4472.96
4472.93
4472.91
4472.89
4472.86
4472.84
4472.81
4472.79
4472.77
4472.74
4472.72
4472.69
4472.67
4472.65
4472.62
4472.6
4472.58
4472.55
4472.53
4472.5
4472.48
4472.46
4472.43
4472.41
4472.39
4472.36
4472.34
4472.31
4472.29
4472.27
4472.24
4472.22
4472.2
4472.17
4472.15
4472.13
4472.1
4472.08
4472.06
4472.03
4472.01
4471.98
4471.96
4471.94
4471.91
4471.89
4471.87
4471.84
4471.82
4471.8
4471.77
4471.75
4471.73
4471.7
4471.68
4471.66
4471.63
4471.61
4471.59
4471.57
4471.54
4471.52
4471.5
4471.47
4471.45
4471.43
4471.4
4471.38
4471.36
4471.33
4471.31
4471.29
4471.27
4471.24
4471.22
4471.2
4471.17
4471.15
4471.13
4471.1
4471.08
4471.06
4471.04
4471.01
4470.99
4470.97
4470.94
4470.92
4470.9
4470.88
4470.85
4470.83
4470.81
4470.79
4470.76
4470.74
4470.72
4470.7
4470.67
4470.65
4470.63
4470.6
4470.58
4470.56
4470.54
4470.51
4470.49
4470.47
4470.45
4470.42
4470.4
4470.38
4470.36
4470.33
4470.31
4470.29
4470.27
4470.25
4470.22
4470.2
4470.18
4470.16
4470.13
4470.11
4470.09
4470.07
4470.04
4470.02
4470
4469.98
4469.96
4469.93
4469.91
4469.89
4469.87
4469.85
4469.82
4469.8
4469.78
4469.76
4469.73
4469.71
4469.69
4469.67
4469.65
4469.62
4469.6
4469.58
4469.56
4469.54
4469.52
4469.49
4469.47
4469.45
4469.43
4469.41
4469.38
4469.36
4469.34
4469.32
4469.3
4469.27
4469.25
4469.23
4469.21
4469.19
4469.17
4469.14
4469.12
4469.1
4469.08
4469.06
4469.04
4469.01
4468.99
4468.97
4468.95
4468.93
4468.91
4468.89
4468.86
4468.84
4468.82
4468.8
4468.78
4468.76
4468.74
4468.71
4468.69
4468.67
4468.65
4468.63
4468.61
4468.59
4468.56
4468.54
4468.52
4468.5
4468.48
4468.46
4468.44
4468.42
4468.39
4468.37
4468.35
4468.33
4468.31
4468.29
4468.27
4468.25
4468.22
4468.2
4468.18
4468.16
4468.14
4468.12
4468.1
4468.08
4468.06
4468.04
4468.01
4467.99
4467.97
4467.95
4467.93
4467.91
4467.89
4467.87
4467.85
4467.83
4467.81
4467.78
4467.76
4467.74
4467.72
4467.7
4467.68
4467.66
4467.64
4467.62
4467.6
4467.58
4467.56
4467.54
4467.51
4467.49
4467.47
4467.45
4467.43
4467.41
4467.39
4467.37
4467.35
4467.33
4467.31
4467.29
4467.27
4467.25
4467.23
4467.21
4467.19
4467.17
4467.14
4467.12
4467.1
4467.08
4467.06
4467.04
4467.02
4467
4466.98
4466.96
4466.94
4466.92
4466.9
4466.88
4466.86
4466.84
4466.82
4466.8
4466.78
4466.76
4466.74
4466.72
4466.7
4466.68
4466.66
4466.64
4466.62
4466.6
4466.58
4466.56
4466.54
4466.52
4466.5
4466.48
4466.46
4466.44
4466.42
4466.4
4466.38
4466.36
4466.34
4466.32
4466.3
4466.28
4466.26
4466.24
4466.22
4466.2
4466.18
4466.16
4466.14
4466.12
4466.1
4466.08
4466.06
4466.04
4466.02
4466
4465.98
4465.96
4465.94
4465.92
4465.9
4465.88
4465.86
4465.84
4465.82
4465.8
4465.78
4465.76
4465.74
4465.72
4465.7
4465.69
4465.67
4465.65
4465.63
4465.61
4465.59
4465.57
4465.55
4465.53
4465.51
4465.49
4465.47
4465.45
4465.43
4465.41
4465.39
4465.37
4465.35
4465.34
4465.32
4465.3
4465.28
4465.26
4465.24
4465.22
4465.2
4465.18
4465.16
4465.14
4465.12
4465.1
4465.08
4465.07
4465.05
4465.03
4465.01
4464.99
4464.97
4464.95
4464.93
4464.91
4464.89
4464.87
4464.86
4464.84
4464.82
4464.8
4464.78
4464.76
4464.74
4464.72
4464.7
4464.68
4464.67
4464.65
4464.63
4464.61
4464.59
4464.57
4464.55
4464.53
4464.51
4464.5
4464.48
4464.46
4464.44
4464.42
4464.4
4464.38
4464.36
4464.35
4464.33
4464.31
4464.29
4464.27
4464.25
4464.23
4464.21
4464.2
4464.18
4464.16
4464.14
4464.12
4464.1
4464.08
4464.07
4464.05
4464.03
4464.01
4463.99
4463.97
4463.95
4463.94
4463.92
4463.9
4463.88
4463.86
4463.84
4463.82
4463.81
4463.79
4463.77
4463.75
4463.73
4463.71
4463.7
4463.68
4463.66
4463.64
4463.62
4463.6
4463.59
4463.57
4463.55
4463.53
4463.51
4463.5
4463.48
4463.46
4463.44
4463.42
4463.4
4463.39
4463.37
4463.35
4463.33
4463.31
4463.3
4463.28
4463.26
4463.24
4463.22
4463.21
4463.19
4463.17
4463.15
4463.13
4463.11
4463.1
4463.08
4463.06
4463.04
4463.03
4463.01
4462.99
4462.97
4462.95
4462.94
4462.92
4462.9
4462.88
4462.86
4462.85
4462.83
4462.81
4462.79
4462.78
4462.76
4462.74
4462.72
4462.7
4462.69
4462.67
4462.65
4462.63
4462.62
4462.6
4462.58
4462.56
4462.54
4462.53
4462.51
4462.49
4462.47
4462.46
4462.44
4462.42
4462.4
4462.39
4462.37
4462.35
4462.33
4462.32
4462.3
4462.28
4462.26
4462.25
4462.23
4462.21
4462.19
4462.18
4462.16
4462.14
4462.12
4462.11
4462.09
4462.07
4462.05
4462.04
4462.02
4462
4461.99
4461.97
4461.95
4461.93
4461.92
4461.9
4461.88
4461.86
4461.85
4461.83
4461.81
4461.8
4461.78
4461.76
4461.74
4461.73
4461.71
4461.69
4461.68
4461.66
4461.64
4461.62
4461.61
4461.59
4461.57
4461.56
4461.54
4461.52
4461.5
4461.49
4461.47
4461.45
4461.44
4461.42
4461.4
4461.39
4461.37
4461.35
4461.34
4461.32
4461.3
4461.28
4461.27
4461.25
4461.23
4461.22
4461.2
4461.18
4461.17
4461.15
4461.13
4461.12
4461.1
4461.08
4461.07
4461.05
4461.03
4461.02
4461
4460.98
4460.97
4460.95
4460.93
4460.92
4460.9
4460.88
4460.87
4460.85
4460.83
4460.82
4460.8
4460.78
4460.77
4460.75
4460.73
4460.72
4460.7
4460.68
4460.67
4460.65
4460.63
4460.62
4460.6
4460.58
4460.57
4460.55
4460.53
4460.52
4460.5
4460.49
4460.47
4460.45
4460.44
4460.42
4460.4
4460.39
4460.37
4460.35
4460.34
4460.32
4460.31
4460.29
4460.27
4460.26
4460.24
4460.22
4460.21
4460.19
4460.18
4460.16
4460.14
4460.13
4460.11
4460.09
4460.08
4460.06
4460.05
4460.03
4460.01
4460
4459.98
4459.97
4459.95
4459.93
4459.92
4459.9
4459.88
4459.87
4459.85
4459.84
4459.82
4459.8
4459.79
4459.77
4459.76
4459.74
4459.72
4459.71
4459.69
4459.68
4459.66
4459.65
4459.63
4459.61
4459.6
4459.58
4459.57
4459.55
4459.53
4459.52
4459.5
4459.49
4459.47
4459.45
4459.44
4459.42
4459.41
4459.39
4459.38
4459.36
4459.34
4459.33
4459.31
4459.3
4459.28
4459.27
4459.25
4459.23
4459.22
4459.2
4459.19
4459.17
4459.16
4459.14
4459.13
4459.11
4459.09
4459.08
4459.06
4459.05
4459.03
4459.02
4459
4458.99
4458.97
4458.95
4458.94
4458.92
4458.91
4458.89
4458.88
4458.86
4458.85
4458.83
4458.82
4458.8
4458.78
4458.77
4458.75
4458.74
4458.72
4458.71
4458.69
4458.68
4458.66
4458.65
4458.63
4458.62
4458.6
4458.58
4458.57
4458.55
4458.54
4458.52
4458.51
4458.49
4458.48
4458.46
4458.45
4458.43
4458.42
4458.4
4458.39
4458.37
4458.36
4458.34
4458.33
4458.31
4458.3
4458.28
4458.27
4458.25
4458.24
4458.22
4458.21
4458.19
4458.18
4458.16
4458.15
4458.13
4458.12
4458.1
4458.09
4458.07
4458.06
4458.04
4458.03
4458.01
4458
4457.98
4457.97
4457.95
4457.94
4457.92
4457.91
4457.89
4457.88
4457.86
4457.85
4457.83
4457.82
4457.8
4457.79
4457.77
4457.76
4457.74
4457.73
4457.71
4457.7
4457.68
4457.67
4457.65
4457.64
4457.63
4457.61
4457.6
4457.58
4457.57
4457.55
4457.54
4457.52
4457.51
4457.49
4457.48
4457.46
4457.45
4457.43
4457.42
4457.41
4457.39
4457.38
4457.36
4457.35
4457.33
4457.32
4457.3
4457.29
4457.27
4457.26
4457.25
4457.23
4457.22
4457.2
4457.19
4457.17
4457.16
4457.14
4457.13
4457.12
4457.1
4457.09
4457.07
4457.06
4457.04
4457.03
4457.01
4457
4456.99
4456.97
4456.96
4456.94
4456.93
4456.91
4456.9
4456.89
4456.87
4456.86
4456.84
4456.83
4456.81
4456.8
4456.79
4456.77
4456.76
4456.74
4456.73
4456.72
4456.7
4456.69
4456.67
4456.66
4456.64
4456.63
4456.62
4456.6
4456.59
4456.57
4456.56
4456.55
4456.53
4456.52
4456.5
4456.49
4456.48
4456.46
4456.45
4456.43
4456.42
4456.41
4456.39
4456.38
4456.36
4456.35
4456.34
4456.32
4456.31
4456.29
4456.28
4456.27
4456.25
4456.24
4456.22
4456.21
4456.2
4456.18
4456.17
4456.15
4456.14
4456.13
4456.11
4456.1
4456.09
4456.07
4456.06
4456.04
4456.03
4456.02
4456
4455.99
4455.98
4455.96
4455.95
4455.93
4455.92
4455.91
4455.89
4455.88
4455.87
4455.85
4455.84
4455.82
4455.81
4455.8
4455.78
4455.77
4455.76
4455.74
4455.73
4455.72
4455.7
4455.69
4455.67
4455.66
4455.65
4455.63
4455.62
4455.61
4455.59
4455.58
4455.57
4455.55
4455.54
4455.53
4455.51
4455.5
4455.49
4455.47
4455.46
4455.44
4455.43
4455.42
4455.4
4455.39
4455.38
4455.36
4455.35
4455.34
4455.32
4455.31
4455.3
4455.28
4455.27
4455.26
4455.24
4455.23
4455.22
4455.2
4455.19
4455.18
4455.16
4455.15
4455.14
4455.12
4455.11
4455.1
4455.08
4455.07
4455.06
4455.05
4455.03
4455.02
4455.01
4454.99
4454.98
4454.97
4454.95
4454.94
4454.93
4454.91
4454.9
4454.89
4454.87
4454.86
4454.85
4454.83
4454.82
4454.81
4454.8
4454.78
4454.77
4454.76
4454.74
4454.73
4454.72
4454.7
4454.69
4454.68
4454.67
4454.65
4454.64
4454.63
4454.61
4454.6
4454.59
4454.57
4454.56
4454.55
4454.54
4454.52
4454.51
4454.5
4454.48
4454.47
4454.46
4454.45
4454.43
4454.42
4454.41
4454.39
4454.38
4454.37
4454.36
4454.34
4454.33
4454.32
4454.3
4454.29
4454.28
4454.27
4454.25
4454.24
4454.23
4454.22
4454.2
4454.19
4454.18
4454.16
4454.15
4454.14
4454.13
4454.11
4454.1
4454.09
4454.08
4454.06
4454.05
4454.04
4454.03
4454.01
4454
4453.99
4453.98
4453.96
4453.95
4453.94
4453.92
4453.91
4453.9
4453.89
4453.87
4453.86
4453.85
4453.84
4453.82
4453.81
4453.8
4453.79
4453.77
4453.76
4453.75
4453.74
4453.72
4453.71
4453.7
4453.69
4453.67
4453.66
4453.65
4453.64
4453.63
4453.61
4453.6
4453.59
4453.58
4453.56
4453.55
4453.54
4453.53
4453.51
4453.5
4453.49
4453.48
4453.46
4453.45
4453.44
4453.43
4453.42
4453.4
4453.39
4453.38
4453.37
4453.35
4453.34
4453.33
4453.32
4453.31
4453.29
4453.28
4453.27
4453.26
4453.24
4453.23
4453.22
4453.21
4453.2
4453.18
4453.17
4453.16
4453.15
4453.14
4453.12
4453.11
4453.1
4453.09
4453.08
4453.06
4453.05
4453.04
4453.03
4453.01
4453
4452.99
4452.98
4452.97
4452.95
4452.94
4452.93
4452.92
4452.91
4452.89
4452.88
4452.87
4452.86
4452.85
4452.84
4452.82
4452.81
4452.8
4452.79
4452.78
4452.76
4452.75
4452.74
4452.73
4452.72
4452.7
4452.69
4452.68
4452.67
4452.66
4452.65
4452.63
4452.62
4452.61
4452.6
4452.59
4452.57
4452.56
4452.55
4452.54
4452.53
4452.52
4452.5
4452.49
4452.48
4452.47
4452.46
4452.44
4452.43
4452.42
4452.41
4452.4
4452.39
4452.37
4452.36
4452.35
4452.34
4452.33
4452.32
4452.3
4452.29
4452.28
4452.27
4452.26
4452.25
4452.24
4452.22
4452.21
4452.2
4452.19
4452.18
4452.17
4452.15
4452.14
4452.13
4452.12
4452.11
4452.1
4452.09
4452.07
4452.06
4452.05
4452.04
4452.03
4452.02
4452
4451.99
4451.98
4451.97
4451.96
4451.95
4451.94
4451.92
4451.91
4451.9
4451.89
4451.88
4451.87
4451.86
4451.84
4451.83
4451.82
4451.81
4451.8
4451.79
4451.78
4451.77
4451.75
4451.74
4451.73
4451.72
4451.71
4451.7
4451.69
4451.68
4451.66
4451.65
4451.64
4451.63
4451.62
4451.61
4451.6
4451.59
4451.57
4451.56
4451.55
4451.54
4451.53
4451.52
4451.51
4451.5
4451.48
4451.47
4451.46
4451.45
4451.44
4451.43
4451.42
4451.41
4451.4
4451.38
4451.37
4451.36
4451.35
4451.34
4451.33
4451.32
4451.31
4451.3
4451.28
4451.27
4451.26
4451.25
4451.24
4451.23
4451.22
4451.21
4451.2
4451.19
4451.17
4451.16
4451.15
4451.14
4451.13
4451.12
4451.11
4451.1
4451.09
4451.08
4451.06
4451.05
4451.04
4451.03
4451.02
4451.01
4451
4450.99
4450.98
4450.97
4450.96
4450.94
4450.93
4450.92
4450.91
4450.9
4450.89
4450.88
4450.87
4450.86
4450.85
4450.84
4450.83
4450.82
4450.8
4450.79
4450.78
4450.77
4450.76
4450.75
4450.74
4450.73
4450.72
4450.71
4450.7
4450.69
4450.68
4450.66
4450.65
4450.64
4450.63
4450.62
4450.61
4450.6
4450.59
4450.58
4450.57
4450.56
4450.55
4450.54
4450.53
4450.52
4450.5
4450.49
4450.48
4450.47
4450.46
4450.45
4450.44
4450.43
4450.42
4450.41
4450.4
4450.39
4450.38
4450.37
4450.36
4450.35
4450.34
4450.33
4450.31
4450.3
4450.29
4450.28
4450.27
4450.26
4450.25
4450.24
4450.23
4450.22
4450.21
4450.2
4450.19
4450.18
4450.17
4450.16
4450.15
4450.14
4450.13
4450.12
4450.11
4450.1
4450.09
4450.07
4450.06
4450.05
4450.04
4450.03
4450.02
4450.01
4450
4449.99
4449.98
4449.97
4449.96
4449.95
4449.94
4449.93
4449.92
4449.91
4449.9
4449.89
4449.88
4449.87
4449.86
4449.85
4449.84
4449.83
4449.82
4449.81
4449.8
4449.79
4449.78
4449.77
4449.76
4449.75
4449.74
4449.73
4449.72
4449.71
4449.7
4449.69
4449.67
4449.66
4449.65
4449.64
4449.63
4449.62
4449.61
4449.6
4449.59
4449.58
4449.57
4449.56
4449.55
4449.54
4449.53
4449.52
4449.51
4449.5
4449.49
4449.48
4449.47
4449.46
4449.45
