0.009995
0.00999
0.00998501
0.00998002
0.00997503
0.00997004
0.00996506
0.00996008
0.0099551
0.00995012
0.00994515
0.00994018
0.00993521
0.00993024
0.00992528
0.00992032
0.00991536
0.0099104
0.00990545
0.0099005
0.00989555
0.0098906
0.00988566
0.00988072
0.00987578
0.00987084
0.00986591
0.00986098
0.00985605
0.00985112
0.0098462
0.00984127
0.00983635
0.00983144
0.00982652
0.00982161
0.0098167
0.00981179
0.00980689
0.00980199
0.00979709
0.00979219
0.00978729
0.0097824
0.00977751
0.00977262
0.00976774
0.00976286
0.00975798
0.0097531
0.00974822
0.00974335
0.00973848
0.00973361
0.00972875
0.00972388
0.00971902
0.00971416
0.00970931
0.00970446
0.0096996
0.00969476
0.00968991
0.00968507
0.00968022
0.00967539
0.00967055
0.00966572
0.00966088
0.00965605
0.00965123
0.0096464
0.00964158
0.00963676
0.00963194
0.00962713
0.00962232
0.00961751
0.0096127
0.00960789
0.00960309
0.00959829
0.00959349
0.0095887
0.0095839
0.00957911
0.00957433
0.00956954
0.00956476
0.00955997
0.0095552
0.00955042
0.00954565
0.00954087
0.0095361
0.00953134
0.00952657
0.00952181
0.00951705
0.00951229
0.00950754
0.00950279
0.00949804
0.00949329
0.00948854
0.0094838
0.00947906
0.00947432
0.00946959
0.00946485
0.00946012
0.00945539
0.00945066
0.00944594
0.00944122
0.0094365
0.00943178
0.00942707
0.00942236
0.00941765
0.00941294
0.00940823
0.00940353
0.00939883
0.00939413
0.00938943
0.00938474
0.00938005
0.00937536
0.00937067
0.00936599
0.00936131
0.00935663
0.00935195
0.00934728
0.0093426
0.00933793
0.00933327
0.0093286
0.00932394
0.00931928
0.00931462
0.00930996
0.00930531
0.00930066
0.00929601
0.00929136
0.00928672
0.00928207
0.00927743
0.0092728
0.00926816
0.00926353
0.0092589
0.00925427
0.00924964
0.00924502
0.0092404
0.00923578
0.00923116
0.00922655
0.00922194
0.00921733
0.00921272
0.00920811
0.00920351
0.00919891
0.00919431
0.00918972
0.00918512
0.00918053
0.00917594
0.00917136
0.00916677
0.00916219
0.00915761
0.00915303
0.00914846
0.00914388
0.00913931
0.00913474
0.00913018
0.00912561
0.00912105
0.00911649
0.00911194
0.00910738
0.00910283
0.00909828
0.00909373
0.00908918
0.00908464
0.0090801
0.00907556
0.00907102
0.00906649
0.00906196
0.00905743
0.0090529
0.00904837
0.00904385
0.00903933
0.00903481
0.0090303
0.00902578
0.00902127
0.00901676
0.00901225
0.00900775
0.00900325
0.00899874
0.00899425
0.00898975
0.00898526
0.00898077
0.00897628
0.00897179
0.0089673
0.00896282
0.00895834
0.00895386
0.00894939
0.00894491
0.00894044
0.00893597
0.00893151
0.00892704
0.00892258
0.00891812
0.00891366
0.00890921
0.00890475
0.0089003
0.00889585
0.00889141
0.00888696
0.00888252
0.00887808
0.00887364
0.0088692
0.00886477
0.00886034
0.00885591
0.00885148
0.00884706
0.00884264
0.00883822
0.0088338
0.00882938
0.00882497
0.00882056
0.00881615
0.00881174
0.00880734
0.00880293
0.00879853
0.00879414
0.00878974
0.00878535
0.00878095
0.00877656
0.00877218
0.00876779
0.00876341
0.00875903
0.00875465
0.00875027
0.0087459
0.00874153
0.00873716
0.00873279
0.00872843
0.00872406
0.0087197
0.00871534
0.00871099
0.00870663
0.00870228
0.00869793
0.00869358
0.00868924
0.00868489
0.00868055
0.00867621
0.00867188
0.00866754
0.00866321
0.00865888
0.00865455
0.00865022
0.0086459
0.00864158
0.00863726
0.00863294
0.00862862
0.00862431
0.00862
0.00861569
0.00861138
0.00860708
0.00860278
0.00859848
0.00859418
0.00858988
0.00858559
0.0085813
0.00857701
0.00857272
0.00856843
0.00856415
0.00855987
0.00855559
0.00855132
0.00854704
0.00854277
0.0085385
0.00853423
0.00852996
0.0085257
0.00852144
0.00851718
0.00851292
0.00850867
0.00850441
0.00850016
0.00849591
0.00849166
0.00848742
0.00848318
0.00847894
0.0084747
0.00847046
0.00846623
0.008462
0.00845777
0.00845354
0.00844931
0.00844509
0.00844087
0.00843665
0.00843243
0.00842822
0.008424
0.00841979
0.00841558
0.00841138
0.00840717
0.00840297
0.00839877
0.00839457
0.00839037
0.00838618
0.00838199
0.0083778
0.00837361
0.00836942
0.00836524
0.00836106
0.00835688
0.0083527
0.00834853
0.00834435
0.00834018
0.00833601
0.00833185
0.00832768
0.00832352
0.00831936
0.0083152
0.00831104
0.00830689
0.00830274
0.00829859
0.00829444
0.00829029
0.00828615
0.00828201
0.00827787
0.00827373
0.00826959
0.00826546
0.00826133
0.0082572
0.00825307
0.00824894
0.00824482
0.0082407
0.00823658
0.00823246
0.00822835
0.00822423
0.00822012
0.00821601
0.00821191
0.0082078
0.0082037
0.0081996
0.0081955
0.0081914
0.00818731
0.00818321
0.00817912
0.00817504
0.00817095
0.00816686
0.00816278
0.0081587
0.00815462
0.00815055
0.00814647
0.0081424
0.00813833
0.00813426
0.0081302
0.00812613
0.00812207
0.00811801
0.00811395
0.0081099
0.00810584
0.00810179
0.00809774
0.00809369
0.00808965
0.0080856
0.00808156
0.00807752
0.00807348
0.00806945
0.00806541
0.00806138
0.00805735
0.00805333
0.0080493
0.00804528
0.00804125
0.00803723
0.00803322
0.0080292
0.00802519
0.00802118
0.00801717
0.00801316
0.00800915
0.00800515
0.00800115
0.00799715
0.00799315
0.00798916
0.00798516
0.00798117
0.00797718
0.00797319
0.00796921
0.00796522
0.00796124
0.00795726
0.00795329
0.00794931
0.00794534
0.00794136
0.00793739
0.00793343
0.00792946
0.0079255
0.00792154
0.00791758
0.00791362
0.00790966
0.00790571
0.00790176
0.00789781
0.00789386
0.00788991
0.00788597
0.00788203
0.00787809
0.00787415
0.00787021
0.00786628
0.00786235
0.00785842
0.00785449
0.00785056
0.00784664
0.00784272
0.00783879
0.00783488
0.00783096
0.00782705
0.00782313
0.00781922
0.00781531
0.00781141
0.0078075
0.0078036
0.0077997
0.0077958
0.0077919
0.00778801
0.00778411
0.00778022
0.00777633
0.00777245
0.00776856
0.00776468
0.0077608
0.00775692
0.00775304
0.00774916
0.00774529
0.00774142
0.00773755
0.00773368
0.00772982
0.00772595
0.00772209
0.00771823
0.00771437
0.00771052
0.00770666
0.00770281
0.00769896
0.00769511
0.00769126
0.00768742
0.00768358
0.00767974
0.0076759
0.00767206
0.00766822
0.00766439
0.00766056
0.00765673
0.0076529
0.00764908
0.00764525
0.00764143
0.00763761
0.00763379
0.00762998
0.00762616
0.00762235
0.00761854
0.00761473
0.00761093
0.00760712
0.00760332
0.00759952
0.00759572
0.00759192
0.00758813
0.00758434
0.00758054
0.00757676
0.00757297
0.00756918
0.0075654
0.00756162
0.00755784
0.00755406
0.00755028
0.00754651
0.00754274
0.00753897
0.0075352
0.00753143
0.00752767
0.0075239
0.00752014
0.00751638
0.00751263
0.00750887
0.00750512
0.00750137
0.00749762
0.00749387
0.00749012
0.00748638
0.00748264
0.0074789
0.00747516
0.00747142
0.00746769
0.00746395
0.00746022
0.00745649
0.00745276
0.00744904
0.00744532
0.00744159
0.00743787
0.00743416
0.00743044
0.00742673
0.00742301
0.0074193
0.00741559
0.00741189
0.00740818
0.00740448
0.00740078
0.00739708
0.00739338
0.00738968
0.00738599
0.0073823
0.00737861
0.00737492
0.00737123
0.00736755
0.00736387
0.00736019
0.00735651
0.00735283
0.00734915
0.00734548
0.00734181
0.00733814
0.00733447
0.0073308
0.00732714
0.00732348
0.00731982
0.00731616
0.0073125
0.00730884
0.00730519
0.00730154
0.00729789
0.00729424
0.00729059
0.00728695
0.00728331
0.00727967
0.00727603
0.00727239
0.00726876
0.00726512
0.00726149
0.00725786
0.00725423
0.00725061
0.00724698
0.00724336
0.00723974
0.00723612
0.0072325
0.00722889
0.00722527
0.00722166
0.00721805
0.00721444
0.00721084
0.00720723
0.00720363
0.00720003
0.00719643
0.00719283
0.00718924
0.00718564
0.00718205
0.00717846
0.00717487
0.00717129
0.0071677
0.00716412
0.00716054
0.00715696
0.00715338
0.00714981
0.00714623
0.00714266
0.00713909
0.00713552
0.00713195
0.00712839
0.00712482
0.00712126
0.0071177
0.00711415
0.00711059
0.00710703
0.00710348
0.00709993
0.00709638
0.00709283
0.00708929
0.00708575
0.0070822
0.00707866
0.00707512
0.00707159
0.00706805
0.00706452
0.00706099
0.00705746
0.00705393
0.00705041
0.00704688
0.00704336
0.00703984
0.00703632
0.0070328
0.00702929
0.00702577
0.00702226
0.00701875
0.00701524
0.00701173
0.00700823
0.00700473
0.00700122
0.00699772
0.00699423
0.00699073
0.00698724
0.00698374
0.00698025
0.00697676
0.00697328
0.00696979
0.00696631
0.00696282
0.00695934
0.00695586
0.00695239
0.00694891
0.00694544
0.00694197
0.0069385
0.00693503
0.00693156
0.0069281
0.00692463
0.00692117
0.00691771
0.00691425
0.0069108
0.00690734
0.00690389
0.00690044
0.00689699
0.00689354
0.0068901
0.00688665
0.00688321
0.00687977
0.00687633
0.00687289
0.00686946
0.00686602
0.00686259
0.00685916
0.00685573
0.00685231
0.00684888
0.00684546
0.00684203
0.00683861
0.0068352
0.00683178
0.00682836
0.00682495
0.00682154
0.00681813
0.00681472
0.00681131
0.00680791
0.00680451
0.0068011
0.00679771
0.00679431
0.00679091
0.00678752
0.00678412
0.00678073
0.00677734
0.00677395
0.00677057
0.00676718
0.0067638
0.00676042
0.00675704
0.00675366
0.00675029
0.00674691
0.00674354
0.00674017
0.0067368
0.00673343
0.00673007
0.0067267
0.00672334
0.00671998
0.00671662
0.00671326
0.00670991
0.00670655
0.0067032
0.00669985
0.0066965
0.00669315
0.00668981
0.00668646
0.00668312
0.00667978
0.00667644
0.0066731
0.00666977
0.00666643
0.0066631
0.00665977
0.00665644
0.00665311
0.00664979
0.00664646
0.00664314
0.00663982
0.0066365
0.00663319
0.00662987
0.00662656
0.00662324
0.00661993
0.00661662
0.00661332
0.00661001
0.00660671
0.0066034
0.0066001
0.0065968
0.00659351
0.00659021
0.00658691
0.00658362
0.00658033
0.00657704
0.00657375
0.00657047
0.00656718
0.0065639
0.00656062
0.00655734
0.00655406
0.00655079
0.00654751
0.00654424
0.00654097
0.0065377
0.00653443
0.00653116
0.0065279
0.00652464
0.00652137
0.00651811
0.00651486
0.0065116
0.00650834
0.00650509
0.00650184
0.00649859
0.00649534
0.00649209
0.00648885
0.0064856
0.00648236
0.00647912
0.00647588
0.00647265
0.00646941
0.00646618
0.00646294
0.00645971
0.00645649
0.00645326
0.00645003
0.00644681
0.00644359
0.00644036
0.00643714
0.00643393
0.00643071
0.0064275
0.00642428
0.00642107
0.00641786
0.00641465
0.00641145
0.00640824
0.00640504
0.00640184
0.00639864
0.00639544
0.00639224
0.00638905
0.00638585
0.00638266
0.00637947
0.00637628
0.00637309
0.00636991
0.00636672
0.00636354
0.00636036
0.00635718
0.006354
0.00635083
0.00634765
0.00634448
0.00634131
0.00633814
0.00633497
0.0063318
0.00632864
0.00632547
0.00632231
0.00631915
0.00631599
0.00631284
0.00630968
0.00630653
0.00630337
0.00630022
0.00629707
0.00629393
0.00629078
0.00628764
0.00628449
0.00628135
0.00627821
0.00627507
0.00627194
0.0062688
0.00626567
0.00626254
0.0062594
0.00625628
0.00625315
0.00625002
0.0062469
0.00624378
0.00624065
0.00623754
0.00623442
0.0062313
0.00622819
0.00622507
0.00622196
0.00621885
0.00621574
0.00621263
0.00620953
0.00620643
0.00620332
0.00620022
0.00619712
0.00619402
0.00619093
0.00618783
0.00618474
0.00618165
0.00617856
0.00617547
0.00617238
0.0061693
0.00616621
0.00616313
0.00616005
0.00615697
0.00615389
0.00615082
0.00614774
0.00614467
0.0061416
0.00613853
0.00613546
0.00613239
0.00612933
0.00612626
0.0061232
0.00612014
0.00611708
0.00611402
0.00611097
0.00610791
0.00610486
0.00610181
0.00609876
0.00609571
0.00609266
0.00608962
0.00608657
0.00608353
0.00608049
0.00607745
0.00607441
0.00607137
0.00606834
0.00606531
0.00606227
0.00605924
0.00605622
0.00605319
0.00605016
0.00604714
0.00604412
0.00604109
0.00603807
0.00603506
0.00603204
0.00602902
0.00602601
0.006023
0.00601999
0.00601698
0.00601397
0.00601096
0.00600796
0.00600496
0.00600195
0.00599895
0.00599596
0.00599296
0.00598996
0.00598697
0.00598398
0.00598098
0.00597799
0.00597501
0.00597202
0.00596903
0.00596605
0.00596307
0.00596009
0.00595711
0.00595413
0.00595115
0.00594818
0.00594521
0.00594223
0.00593926
0.00593629
0.00593333
0.00593036
0.0059274
0.00592443
0.00592147
0.00591851
0.00591555
0.0059126
0.00590964
0.00590669
0.00590373
0.00590078
0.00589783
0.00589489
0.00589194
0.00588899
0.00588605
0.00588311
0.00588017
0.00587723
0.00587429
0.00587135
0.00586842
0.00586548
0.00586255
0.00585962
0.00585669
0.00585377
0.00585084
0.00584791
0.00584499
0.00584207
0.00583915
0.00583623
0.00583331
0.0058304
0.00582748
0.00582457
0.00582166
0.00581875
0.00581584
0.00581293
0.00581003
0.00580712
0.00580422
0.00580132
0.00579842
0.00579552
0.00579262
0.00578973
0.00578683
0.00578394
0.00578105
0.00577816
0.00577527
0.00577238
0.0057695
0.00576661
0.00576373
0.00576085
0.00575797
0.00575509
0.00575222
0.00574934
0.00574647
0.00574359
0.00574072
0.00573785
0.00573498
0.00573212
0.00572925
0.00572639
0.00572353
0.00572067
0.00571781
0.00571495
0.00571209
0.00570924
0.00570638
0.00570353
0.00570068
0.00569783
0.00569498
0.00569213
0.00568929
0.00568644
0.0056836
0.00568076
0.00567792
0.00567508
0.00567225
0.00566941
0.00566658
0.00566374
0.00566091
0.00565808
0.00565525
0.00565243
0.0056496
0.00564678
0.00564396
0.00564113
0.00563831
0.0056355
0.00563268
0.00562986
0.00562705
0.00562424
0.00562142
0.00561861
0.00561581
0.005613
0.00561019
0.00560739
0.00560459
0.00560178
0.00559898
0.00559618
0.00559339
0.00559059
0.0055878
0.005585
0.00558221
0.00557942
0.00557663
0.00557384
0.00557106
0.00556827
0.00556549
0.00556271
0.00555993
0.00555715
0.00555437
0.00555159
0.00554882
0.00554605
0.00554327
0.0055405
0.00553773
0.00553496
0.0055322
0.00552943
0.00552667
0.00552391
0.00552114
0.00551838
0.00551563
0.00551287
0.00551011
0.00550736
0.00550461
0.00550185
0.0054991
0.00549635
0.00549361
0.00549086
0.00548812
0.00548537
0.00548263
0.00547989
0.00547715
0.00547441
0.00547168
0.00546894
0.00546621
0.00546348
0.00546074
0.00545801
0.00545529
0.00545256
0.00544983
0.00544711
0.00544439
0.00544167
0.00543894
0.00543623
0.00543351
0.00543079
0.00542808
0.00542536
0.00542265
0.00541994
0.00541723
0.00541452
0.00541182
0.00540911
0.00540641
0.00540371
0.00540101
0.00539831
0.00539561
0.00539291
0.00539021
0.00538752
0.00538483
0.00538213
0.00537944
0.00537676
0.00537407
0.00537138
0.0053687
0.00536601
0.00536333
0.00536065
0.00535797
0.00535529
0.00535261
0.00534994
0.00534726
0.00534459
0.00534192
0.00533925
0.00533658
0.00533391
0.00533125
0.00532858
0.00532592
0.00532326
0.00532059
0.00531794
0.00531528
0.00531262
0.00530996
0.00530731
0.00530466
0.00530201
0.00529935
0.00529671
0.00529406
0.00529141
0.00528877
0.00528612
0.00528348
0.00528084
0.0052782
0.00527556
0.00527292
0.00527029
0.00526765
0.00526502
0.00526239
0.00525976
0.00525713
0.0052545
0.00525187
0.00524925
0.00524663
0.005244
0.00524138
0.00523876
0.00523614
0.00523353
0.00523091
0.00522829
0.00522568
0.00522307
0.00522046
0.00521785
0.00521524
0.00521263
0.00521003
0.00520742
0.00520482
0.00520222
0.00519962
0.00519702
0.00519442
0.00519182
0.00518923
0.00518663
0.00518404
0.00518145
0.00517886
0.00517627
0.00517368
0.0051711
0.00516851
0.00516593
0.00516335
0.00516077
0.00515819
0.00515561
0.00515303
0.00515046
0.00514788
0.00514531
0.00514274
0.00514016
0.0051376
0.00513503
0.00513246
0.00512989
0.00512733
0.00512477
0.00512221
0.00511964
0.00511709
0.00511453
0.00511197
0.00510942
0.00510686
0.00510431
0.00510176
0.00509921
0.00509666
0.00509411
0.00509156
0.00508902
0.00508648
0.00508393
0.00508139
0.00507885
0.00507631
0.00507377
0.00507124
0.0050687
0.00506617
0.00506364
0.00506111
0.00505858
0.00505605
0.00505352
0.00505099
0.00504847
0.00504595
0.00504342
0.0050409
0.00503838
0.00503586
0.00503335
0.00503083
0.00502832
0.0050258
0.00502329
0.00502078
0.00501827
0.00501576
0.00501325
0.00501075
0.00500824
0.00500574
0.00500324
0.00500074
0.00499824
0.00499574
0.00499324
0.00499074
0.00498825
0.00498576
0.00498326
0.00498077
0.00497828
0.00497579
0.00497331
0.00497082
0.00496834
0.00496585
0.00496337
0.00496089
0.00495841
0.00495593
0.00495345
0.00495098
0.0049485
0.00494603
0.00494356
0.00494109
0.00493862
0.00493615
0.00493368
0.00493121
0.00492875
0.00492628
0.00492382
0.00492136
0.0049189
0.00491644
0.00491398
0.00491153
0.00490907
0.00490662
0.00490417
0.00490171
0.00489926
0.00489682
0.00489437
0.00489192
0.00488948
0.00488703
0.00488459
0.00488215
0.00487971
0.00487727
0.00487483
0.00487239
0.00486996
0.00486752
0.00486509
0.00486266
0.00486023
0.0048578
0.00485537
0.00485294
0.00485052
0.00484809
0.00484567
0.00484325
0.00484082
0.0048384
0.00483599
0.00483357
0.00483115
0.00482874
0.00482632
0.00482391
0.0048215
0.00481909
0.00481668
0.00481427
0.00481187
0.00480946
0.00480706
0.00480465
0.00480225
0.00479985
0.00479745
0.00479505
0.00479266
0.00479026
0.00478787
0.00478547
0.00478308
0.00478069
0.0047783
0.00477591
0.00477353
0.00477114
0.00476875
0.00476637
0.00476399
0.00476161
0.00475923
0.00475685
0.00475447
0.00475209
0.00474972
0.00474734
0.00474497
0.0047426
0.00474023
0.00473786
0.00473549
0.00473312
0.00473076
0.00472839
0.00472603
0.00472367
0.0047213
0.00471894
0.00471659
0.00471423
0.00471187
0.00470952
0.00470716
0.00470481
0.00470246
0.00470011
0.00469776
0.00469541
0.00469306
0.00469072
0.00468837
0.00468603
0.00468368
0.00468134
0.004679
0.00467666
0.00467433
0.00467199
0.00466965
0.00466732
0.00466499
0.00466266
0.00466032
0.00465799
0.00465567
0.00465334
0.00465101
0.00464869
0.00464636
0.00464404
0.00464172
0.0046394
0.00463708
0.00463476
0.00463245
0.00463013
0.00462782
0.0046255
0.00462319
0.00462088
0.00461857
0.00461626
0.00461395
0.00461165
0.00460934
0.00460704
0.00460473
0.00460243
0.00460013
0.00459783
0.00459553
0.00459324
0.00459094
0.00458865
0.00458635
0.00458406
0.00458177
0.00457948
0.00457719
0.0045749
0.00457261
0.00457033
0.00456804
0.00456576
0.00456348
0.0045612
0.00455892
0.00455664
0.00455436
0.00455208
0.00454981
0.00454753
0.00454526
0.00454299
0.00454072
0.00453845
0.00453618
0.00453391
0.00453165
0.00452938
0.00452712
0.00452485
0.00452259
0.00452033
0.00451807
0.00451581
0.00451356
0.0045113
0.00450904
0.00450679
0.00450454
0.00450229
0.00450003
0.00449779
0.00449554
0.00449329
0.00449104
0.0044888
0.00448655
0.00448431
0.00448207
0.00447983
0.00447759
0.00447535
0.00447312
0.00447088
0.00446864
0.00446641
0.00446418
0.00446195
0.00445972
0.00445749
0.00445526
0.00445303
0.00445081
0.00444858
0.00444636
0.00444413
0.00444191
0.00443969
0.00443747
0.00443525
0.00443304
0.00443082
0.00442861
0.00442639
0.00442418
0.00442197
0.00441976
0.00441755
0.00441534
0.00441313
0.00441093
0.00440872
0.00440652
0.00440432
0.00440211
0.00439991
0.00439772
0.00439552
0.00439332
0.00439112
0.00438893
0.00438673
0.00438454
0.00438235
0.00438016
0.00437797
0.00437578
0.00437359
0.00437141
0.00436922
0.00436704
0.00436486
0.00436267
0.00436049
0.00435831
0.00435613
0.00435396
0.00435178
0.00434961
0.00434743
0.00434526
0.00434309
0.00434091
0.00433874
0.00433658
0.00433441
0.00433224
0.00433008
0.00432791
0.00432575
0.00432359
0.00432142
0.00431926
0.00431711
0.00431495
0.00431279
0.00431063
0.00430848
0.00430633
0.00430417
0.00430202
0.00429987
0.00429772
0.00429557
0.00429343
0.00429128
0.00428914
0.00428699
0.00428485
0.00428271
0.00428057
0.00427843
0.00427629
0.00427415
0.00427201
0.00426988
0.00426774
0.00426561
0.00426348
0.00426135
0.00425922
0.00425709
0.00425496
0.00425283
0.00425071
0.00424858
0.00424646
0.00424433
0.00424221
0.00424009
0.00423797
0.00423585
0.00423374
0.00423162
0.00422951
0.00422739
0.00422528
0.00422317
0.00422105
0.00421894
0.00421684
0.00421473
0.00421262
0.00421052
0.00420841
0.00420631
0.0042042
0.0042021
0.0042
0.0041979
0.0041958
0.00419371
0.00419161
0.00418952
0.00418742
0.00418533
0.00418324
0.00418114
0.00417905
0.00417697
0.00417488
0.00417279
0.00417071
0.00416862
0.00416654
0.00416445
0.00416237
0.00416029
0.00415821
0.00415613
0.00415406
0.00415198
0.0041499
0.00414783
0.00414576
0.00414368
0.00414161
0.00413954
0.00413747
0.0041354
0.00413334
0.00413127
0.00412921
0.00412714
0.00412508
0.00412302
0.00412096
0.0041189
0.00411684
0.00411478
0.00411272
0.00411067
0.00410861
0.00410656
0.0041045
0.00410245
0.0041004
0.00409835
0.0040963
0.00409426
0.00409221
0.00409016
0.00408812
0.00408608
0.00408403
0.00408199
0.00407995
0.00407791
0.00407587
0.00407384
0.0040718
0.00406976
0.00406773
0.0040657
0.00406366
0.00406163
0.0040596
0.00405757
0.00405555
0.00405352
0.00405149
0.00404947
0.00404744
0.00404542
0.0040434
0.00404138
0.00403936
0.00403734
0.00403532
0.0040333
0.00403128
0.00402927
0.00402726
0.00402524
0.00402323
0.00402122
0.00401921
0.0040172
0.00401519
0.00401318
0.00401118
0.00400917
0.00400717
0.00400517
0.00400316
0.00400116
0.00399916
0.00399716
0.00399517
0.00399317
0.00399117
0.00398918
0.00398718
0.00398519
0.0039832
0.00398121
0.00397922
0.00397723
0.00397524
0.00397325
0.00397127
0.00396928
0.0039673
0.00396531
0.00396333
0.00396135
0.00395937
0.00395739
0.00395541
0.00395344
0.00395146
0.00394948
0.00394751
0.00394554
0.00394356
0.00394159
0.00393962
0.00393765
0.00393569
0.00393372
0.00393175
0.00392979
0.00392782
0.00392586
0.0039239
0.00392193
0.00391997
0.00391801
0.00391606
0.0039141
0.00391214
0.00391019
0.00390823
0.00390628
0.00390433
0.00390237
0.00390042
0.00389847
0.00389652
0.00389458
0.00389263
0.00389068
0.00388874
0.0038868
0.00388485
0.00388291
0.00388097
0.00387903
0.00387709
0.00387515
0.00387322
0.00387128
0.00386934
0.00386741
0.00386548
0.00386354
0.00386161
0.00385968
0.00385775
0.00385583
0.0038539
0.00385197
0.00385005
0.00384812
0.0038462
0.00384428
0.00384235
0.00384043
0.00383851
0.00383659
0.00383468
0.00383276
0.00383084
0.00382893
0.00382701
0.0038251
0.00382319
0.00382128
0.00381937
0.00381746
0.00381555
0.00381364
0.00381174
0.00380983
0.00380793
0.00380602
0.00380412
0.00380222
0.00380032
0.00379842
0.00379652
0.00379462
0.00379273
0.00379083
0.00378894
0.00378704
0.00378515
0.00378326
0.00378137
0.00377947
0.00377759
0.0037757
0.00377381
0.00377192
0.00377004
0.00376815
0.00376627
0.00376439
0.00376251
0.00376062
0.00375874
0.00375687
0.00375499
0.00375311
0.00375123
0.00374936
0.00374749
0.00374561
0.00374374
0.00374187
0.00374
0.00373813
0.00373626
0.00373439
0.00373253
0.00373066
0.00372879
0.00372693
0.00372507
0.00372321
0.00372134
0.00371948
0.00371763
0.00371577
0.00371391
0.00371205
0.0037102
0.00370834
0.00370649
0.00370464
0.00370278
0.00370093
0.00369908
0.00369723
0.00369539
0.00369354
0.00369169
0.00368985
0.003688
0.00368616
0.00368432
0.00368248
0.00368063
0.00367879
0.00367696
0.00367512
0.00367328
0.00367144
0.00366961
0.00366777
0.00366594
0.00366411
0.00366228
0.00366045
0.00365862
0.00365679
0.00365496
0.00365313
0.00365131
0.00364948
0.00364766
0.00364583
0.00364401
0.00364219
0.00364037
0.00363855
0.00363673
0.00363491
0.0036331
0.00363128
0.00362946
0.00362765
0.00362584
0.00362402
0.00362221
0.0036204
0.00361859
0.00361678
0.00361498
0.00361317
0.00361136
0.00360956
0.00360775
0.00360595
0.00360415
0.00360235
0.00360054
0.00359874
0.00359695
0.00359515
0.00359335
0.00359155
0.00358976
0.00358796
0.00358617
0.00358438
0.00358259
0.0035808
0.00357901
0.00357722
0.00357543
0.00357364
0.00357186
0.00357007
0.00356829
0.0035665
0.00356472
0.00356294
0.00356116
0.00355938
0.0035576
0.00355582
0.00355404
0.00355226
0.00355049
0.00354871
0.00354694
0.00354517
0.00354339
0.00354162
0.00353985
0.00353808
0.00353631
0.00353455
0.00353278
0.00353101
0.00352925
0.00352748
0.00352572
0.00352396
0.0035222
0.00352044
0.00351868
0.00351692
0.00351516
0.0035134
0.00351165
0.00350989
0.00350814
0.00350638
0.00350463
0.00350288
0.00350113
0.00349938
0.00349763
0.00349588
0.00349413
0.00349239
0.00349064
0.0034889
0.00348715
0.00348541
0.00348367
0.00348192
0.00348018
0.00347844
0.00347671
0.00347497
0.00347323
0.00347149
0.00346976
0.00346802
0.00346629
0.00346456
0.00346283
0.0034611
0.00345937
0.00345764
0.00345591
0.00345418
0.00345245
0.00345073
0.003449
0.00344728
0.00344556
0.00344383
0.00344211
0.00344039
0.00343867
0.00343695
0.00343523
0.00343352
0.0034318
0.00343009
0.00342837
0.00342666
0.00342494
0.00342323
0.00342152
0.00341981
0.0034181
0.00341639
0.00341468
0.00341298
0.00341127
0.00340957
0.00340786
0.00340616
0.00340446
0.00340275
0.00340105
0.00339935
0.00339765
0.00339596
0.00339426
0.00339256
0.00339087
0.00338917
0.00338748
0.00338578
0.00338409
0.0033824
0.00338071
0.00337902
0.00337733
0.00337564
0.00337395
0.00337227
0.00337058
0.0033689
0.00336721
0.00336553
0.00336385
0.00336216
0.00336048
0.0033588
0.00335713
0.00335545
0.00335377
0.00335209
0.00335042
0.00334874
0.00334707
0.0033454
0.00334372
0.00334205
0.00334038
0.00333871
0.00333704
0.00333537
0.00333371
0.00333204
0.00333038
0.00332871
0.00332705
0.00332538
0.00332372
0.00332206
0.0033204
0.00331874
0.00331708
0.00331542
0.00331377
0.00331211
0.00331045
0.0033088
0.00330714
0.00330549
0.00330384
0.00330219
0.00330054
0.00329889
0.00329724
0.00329559
0.00329394
0.0032923
0.00329065
0.00328901
0.00328736
0.00328572
0.00328408
0.00328243
0.00328079
0.00327915
0.00327751
0.00327588
0.00327424
0.0032726
0.00327097
0.00326933
0.0032677
0.00326606
0.00326443
0.0032628
0.00326117
0.00325954
0.00325791
0.00325628
0.00325465
0.00325302
0.0032514
0.00324977
0.00324815
0.00324652
0.0032449
0.00324328
0.00324166
0.00324004
0.00323842
0.0032368
0.00323518
0.00323356
0.00323195
0.00323033
0.00322872
0.0032271
0.00322549
0.00322388
0.00322227
0.00322066
0.00321905
0.00321744
0.00321583
0.00321422
0.00321261
0.00321101
0.0032094
0.0032078
0.0032062
0.00320459
0.00320299
0.00320139
0.00319979
0.00319819
0.00319659
0.00319499
0.0031934
0.0031918
0.0031902
0.00318861
0.00318702
0.00318542
0.00318383
0.00318224
0.00318065
0.00317906
0.00317747
0.00317588
0.00317429
0.00317271
0.00317112
0.00316954
0.00316795
0.00316637
0.00316478
0.0031632
0.00316162
0.00316004
0.00315846
0.00315688
0.0031553
0.00315373
0.00315215
0.00315058
0.003149
0.00314743
0.00314585
0.00314428
0.00314271
0.00314114
0.00313957
0.003138
0.00313643
0.00313486
0.00313329
0.00313173
0.00313016
0.0031286
0.00312703
0.00312547
0.00312391
0.00312235
0.00312079
0.00311923
0.00311767
0.00311611
0.00311455
0.00311299
0.00311144
0.00310988
0.00310833
0.00310677
0.00310522
0.00310367
0.00310212
0.00310057
0.00309902
0.00309747
0.00309592
0.00309437
0.00309283
0.00309128
0.00308973
0.00308819
0.00308665
0.0030851
0.00308356
0.00308202
0.00308048
0.00307894
0.0030774
0.00307586
0.00307432
0.00307279
0.00307125
0.00306972
0.00306818
0.00306665
0.00306512
0.00306358
0.00306205
0.00306052
0.00305899
0.00305746
0.00305593
0.00305441
0.00305288
0.00305135
0.00304983
0.0030483
0.00304678
0.00304526
0.00304373
0.00304221
0.00304069
0.00303917
0.00303765
0.00303613
0.00303462
0.0030331
0.00303158
0.00303007
0.00302855
0.00302704
0.00302553
0.00302401
0.0030225
0.00302099
0.00301948
0.00301797
0.00301646
0.00301496
0.00301345
0.00301194
0.00301044
0.00300893
0.00300743
0.00300592
0.00300442
0.00300292
0.00300142
0.00299992
0.00299842
0.00299692
0.00299542
0.00299392
0.00299243
0.00299093
0.00298944
0.00298794
0.00298645
0.00298496
0.00298346
0.00298197
0.00298048
0.00297899
0.0029775
0.00297601
0.00297453
0.00297304
0.00297155
0.00297007
0.00296858
0.0029671
0.00296562
0.00296413
0.00296265
0.00296117
0.00295969
0.00295821
0.00295673
0.00295526
0.00295378
0.0029523
0.00295083
0.00294935
0.00294788
0.0029464
0.00294493
0.00294346
0.00294199
0.00294052
0.00293905
0.00293758
0.00293611
0.00293464
0.00293317
0.00293171
0.00293024
0.00292878
0.00292731
0.00292585
0.00292439
0.00292293
0.00292146
0.00292
0.00291854
0.00291709
0.00291563
0.00291417
0.00291271
0.00291126
0.0029098
0.00290835
0.00290689
0.00290544
0.00290399
0.00290254
0.00290109
0.00289964
0.00289819
0.00289674
0.00289529
0.00289384
0.0028924
0.00289095
0.0028895
0.00288806
0.00288662
0.00288517
0.00288373
0.00288229
0.00288085
0.00287941
0.00287797
0.00287653
0.00287509
0.00287366
0.00287222
0.00287078
0.00286935
0.00286791
0.00286648
0.00286505
0.00286362
0.00286218
0.00286075
0.00285932
0.00285789
0.00285647
0.00285504
0.00285361
0.00285218
0.00285076
0.00284933
0.00284791
0.00284649
0.00284506
0.00284364
0.00284222
0.0028408
0.00283938
0.00283796
0.00283654
0.00283512
0.00283371
0.00283229
0.00283087
0.00282946
0.00282804
0.00282663
0.00282522
0.0028238
0.00282239
0.00282098
0.00281957
0.00281816
0.00281675
0.00281535
0.00281394
0.00281253
0.00281113
0.00280972
0.00280832
0.00280691
0.00280551
0.00280411
0.00280271
0.0028013
0.0027999
0.0027985
0.00279711
0.00279571
0.00279431
0.00279291
0.00279152
0.00279012
0.00278873
0.00278733
0.00278594
0.00278455
0.00278315
0.00278176
0.00278037
0.00277898
0.00277759
0.00277621
0.00277482
0.00277343
0.00277204
0.00277066
0.00276927
0.00276789
0.00276651
0.00276512
0.00276374
0.00276236
0.00276098
0.0027596
0.00275822
0.00275684
0.00275546
0.00275408
0.00275271
0.00275133
0.00274996
0.00274858
0.00274721
0.00274583
0.00274446
0.00274309
0.00274172
0.00274035
0.00273898
0.00273761
0.00273624
0.00273487
0.00273351
0.00273214
0.00273077
0.00272941
0.00272804
0.00272668
0.00272532
0.00272396
0.00272259
0.00272123
0.00271987
0.00271851
0.00271715
0.0027158
0.00271444
0.00271308
0.00271173
0.00271037
0.00270901
0.00270766
0.00270631
0.00270495
0.0027036
0.00270225
0.0027009
0.00269955
0.0026982
0.00269685
0.0026955
0.00269416
0.00269281
0.00269146
0.00269012
0.00268877
0.00268743
0.00268609
0.00268474
0.0026834
0.00268206
0.00268072
0.00267938
0.00267804
0.0026767
0.00267536
0.00267403
0.00267269
0.00267135
0.00267002
0.00266868
0.00266735
0.00266602
0.00266468
0.00266335
0.00266202
0.00266069
0.00265936
0.00265803
0.0026567
0.00265537
0.00265405
0.00265272
0.00265139
0.00265007
0.00264874
0.00264742
0.0026461
0.00264477
0.00264345
0.00264213
0.00264081
0.00263949
0.00263817
0.00263685
0.00263553
0.00263421
0.0026329
0.00263158
0.00263027
0.00262895
0.00262764
0.00262632
0.00262501
0.0026237
0.00262239
0.00262108
0.00261977
0.00261846
0.00261715
0.00261584
0.00261453
0.00261323
0.00261192
0.00261061
0.00260931
0.002608
0.0026067
0.0026054
0.00260409
0.00260279
0.00260149
0.00260019
0.00259889
0.00259759
0.00259629
0.002595
0.0025937
0.0025924
0.00259111
0.00258981
0.00258852
0.00258722
0.00258593
0.00258464
0.00258335
0.00258205
0.00258076
0.00257947
0.00257818
0.00257689
0.00257561
0.00257432
0.00257303
0.00257175
0.00257046
0.00256918
0.00256789
0.00256661
0.00256532
0.00256404
0.00256276
0.00256148
0.0025602
0.00255892
0.00255764
0.00255636
0.00255508
0.00255381
0.00255253
0.00255125
0.00254998
0.0025487
0.00254743
0.00254616
0.00254488
0.00254361
0.00254234
0.00254107
0.0025398
0.00253853
0.00253726
0.00253599
0.00253472
0.00253346
0.00253219
0.00253093
0.00252966
0.0025284
0.00252713
0.00252587
0.00252461
0.00252334
0.00252208
0.00252082
0.00251956
0.0025183
0.00251704
0.00251579
0.00251453
0.00251327
0.00251201
0.00251076
0.0025095
0.00250825
0.002507
0.00250574
0.00250449
0.00250324
0.00250199
0.00250074
0.00249949
0.00249824
0.00249699
0.00249574
0.00249449
0.00249325
0.002492
0.00249075
0.00248951
0.00248826
0.00248702
0.00248578
0.00248453
0.00248329
0.00248205
0.00248081
0.00247957
0.00247833
0.00247709
0.00247585
0.00247462
0.00247338
0.00247214
0.00247091
0.00246967
0.00246844
0.0024672
0.00246597
0.00246474
0.0024635
0.00246227
0.00246104
0.00245981
0.00245858
0.00245735
0.00245613
0.0024549
0.00245367
0.00245244
0.00245122
0.00244999
0.00244877
0.00244754
0.00244632
0.0024451
0.00244388
0.00244265
0.00244143
0.00244021
0.00243899
0.00243777
0.00243655
0.00243534
0.00243412
0.0024329
0.00243169
0.00243047
0.00242926
0.00242804
0.00242683
0.00242561
0.0024244
0.00242319
0.00242198
0.00242077
0.00241956
0.00241835
0.00241714
0.00241593
0.00241472
0.00241352
0.00241231
0.0024111
0.0024099
0.00240869
0.00240749
0.00240629
0.00240508
0.00240388
0.00240268
0.00240148
0.00240028
0.00239908
0.00239788
0.00239668
0.00239548
0.00239429
0.00239309
0.00239189
0.0023907
0.0023895
0.00238831
0.00238711
0.00238592
0.00238473
0.00238354
0.00238234
0.00238115
0.00237996
0.00237877
0.00237758
0.0023764
0.00237521
0.00237402
0.00237283
0.00237165
0.00237046
0.00236928
0.00236809
0.00236691
0.00236573
0.00236454
0.00236336
0.00236218
0.002361
0.00235982
0.00235864
0.00235746
0.00235628
0.0023551
0.00235393
0.00235275
0.00235157
0.0023504
0.00234922
0.00234805
0.00234688
0.0023457
0.00234453
0.00234336
0.00234219
0.00234102
0.00233985
0.00233868
0.00233751
0.00233634
0.00233517
0.002334
0.00233284
0.00233167
0.00233051
0.00232934
0.00232818
0.00232701
0.00232585
0.00232469
0.00232352
0.00232236
0.0023212
0.00232004
0.00231888
0.00231772
0.00231656
0.00231541
0.00231425
0.00231309
0.00231194
0.00231078
0.00230962
0.00230847
0.00230732
0.00230616
0.00230501
0.00230386
0.00230271
0.00230156
0.0023004
0.00229925
0.00229811
0.00229696
0.00229581
0.00229466
0.00229351
0.00229237
0.00229122
0.00229008
0.00228893
0.00228779
0.00228664
0.0022855
0.00228436
0.00228322
0.00228207
0.00228093
0.00227979
0.00227865
0.00227752
0.00227638
0.00227524
0.0022741
0.00227296
0.00227183
0.00227069
0.00226956
0.00226842
0.00226729
0.00226616
0.00226502
0.00226389
0.00226276
0.00226163
0.0022605
0.00225937
0.00225824
0.00225711
0.00225598
0.00225485
0.00225373
0.0022526
0.00225147
0.00225035
0.00224922
0.0022481
0.00224698
0.00224585
0.00224473
0.00224361
0.00224249
0.00224137
0.00224024
0.00223912
0.00223801
0.00223689
0.00223577
0.00223465
0.00223353
0.00223242
0.0022313
0.00223019
0.00222907
0.00222796
0.00222684
0.00222573
0.00222462
0.00222351
0.00222239
0.00222128
0.00222017
0.00221906
0.00221795
0.00221685
0.00221574
0.00221463
0.00221352
0.00221242
0.00221131
0.0022102
0.0022091
0.002208
0.00220689
0.00220579
0.00220469
0.00220358
0.00220248
0.00220138
0.00220028
0.00219918
0.00219808
0.00219698
0.00219588
0.00219479
0.00219369
0.00219259
0.0021915
0.0021904
0.00218931
0.00218821
0.00218712
0.00218603
0.00218493
0.00218384
0.00218275
0.00218166
0.00218057
0.00217948
0.00217839
0.0021773
0.00217621
0.00217512
0.00217404
0.00217295
0.00217186
0.00217078
0.00216969
0.00216861
0.00216752
0.00216644
0.00216536
0.00216427
0.00216319
0.00216211
0.00216103
0.00215995
0.00215887
0.00215779
0.00215671
0.00215563
0.00215456
0.00215348
0.0021524
0.00215133
0.00215025
0.00214918
0.0021481
0.00214703
0.00214596
0.00214488
0.00214381
0.00214274
0.00214167
0.0021406
0.00213953
0.00213846
0.00213739
0.00213632
0.00213525
0.00213419
0.00213312
0.00213205
0.00213099
0.00212992
0.00212886
0.00212779
0.00212673
0.00212567
0.0021246
0.00212354
0.00212248
0.00212142
0.00212036
0.0021193
0.00211824
0.00211718
0.00211612
0.00211506
0.00211401
0.00211295
0.00211189
0.00211084
0.00210978
0.00210873
0.00210767
0.00210662
0.00210557
0.00210452
0.00210346
0.00210241
0.00210136
0.00210031
0.00209926
0.00209821
0.00209716
0.00209611
0.00209507
0.00209402
0.00209297
0.00209193
0.00209088
0.00208983
0.00208879
0.00208775
0.0020867
0.00208566
0.00208462
0.00208357
0.00208253
0.00208149
0.00208045
0.00207941
0.00207837
0.00207733
0.0020763
0.00207526
0.00207422
0.00207318
0.00207215
0.00207111
0.00207008
0.00206904
0.00206801
0.00206697
0.00206594
0.00206491
0.00206387
0.00206284
0.00206181
0.00206078
0.00205975
0.00205872
0.00205769
0.00205666
0.00205564
0.00205461
0.00205358
0.00205255
0.00205153
0.0020505
0.00204948
0.00204845
0.00204743
0.00204641
0.00204538
0.00204436
0.00204334
0.00204232
0.0020413
0.00204028
0.00203926
0.00203824
0.00203722
0.0020362
0.00203518
0.00203416
0.00203315
0.00203213
0.00203112
0.0020301
0.00202909
0.00202807
0.00202706
0.00202604
0.00202503
0.00202402
0.00202301
0.002022
0.00202099
0.00201997
0.00201897
0.00201796
0.00201695
0.00201594
0.00201493
0.00201392
0.00201292
0.00201191
0.00201091
0.0020099
0.0020089
0.00200789
0.00200689
0.00200588
0.00200488
0.00200388
0.00200288
0.00200188
0.00200088
0.00199988
0.00199888
0.00199788
0.00199688
0.00199588
0.00199488
0.00199389
0.00199289
0.00199189
0.0019909
0.0019899
0.00198891
0.00198791
0.00198692
0.00198593
0.00198493
0.00198394
0.00198295
0.00198196
0.00198097
0.00197998
0.00197899
0.001978
0.00197701
0.00197602
0.00197503
0.00197405
0.00197306
0.00197207
0.00197109
0.0019701
0.00196912
0.00196813
0.00196715
0.00196617
0.00196518
0.0019642
0.00196322
0.00196224
0.00196126
0.00196028
0.0019593
0.00195832
0.00195734
0.00195636
0.00195538
0.0019544
0.00195343
0.00195245
0.00195147
0.0019505
0.00194952
0.00194855
0.00194758
0.0019466
0.00194563
0.00194466
0.00194368
0.00194271
0.00194174
0.00194077
0.0019398
0.00193883
0.00193786
0.00193689
0.00193592
0.00193496
0.00193399
0.00193302
0.00193206
0.00193109
0.00193013
0.00192916
0.0019282
0.00192723
0.00192627
0.00192531
0.00192434
0.00192338
0.00192242
0.00192146
0.0019205
0.00191954
0.00191858
0.00191762
0.00191666
0.0019157
0.00191475
0.00191379
0.00191283
0.00191188
0.00191092
0.00190997
0.00190901
0.00190806
0.0019071
0.00190615
0.0019052
0.00190424
0.00190329
0.00190234
0.00190139
0.00190044
0.00189949
0.00189854
0.00189759
0.00189664
0.00189569
0.00189475
0.0018938
0.00189285
0.00189191
0.00189096
0.00189002
0.00188907
0.00188813
0.00188718
0.00188624
0.0018853
0.00188435
0.00188341
0.00188247
0.00188153
0.00188059
0.00187965
0.00187871
0.00187777
0.00187683
0.00187589
0.00187496
0.00187402
0.00187308
0.00187215
0.00187121
0.00187027
0.00186934
0.0018684
0.00186747
0.00186654
0.0018656
0.00186467
0.00186374
0.00186281
0.00186188
0.00186095
0.00186002
0.00185909
0.00185816
0.00185723
0.0018563
0.00185537
0.00185444
0.00185352
0.00185259
0.00185166
0.00185074
0.00184981
0.00184889
0.00184797
0.00184704
0.00184612
0.0018452
0.00184427
0.00184335
0.00184243
0.00184151
0.00184059
0.00183967
0.00183875
0.00183783
0.00183691
0.00183599
0.00183507
0.00183416
0.00183324
0.00183232
0.00183141
0.00183049
0.00182958
0.00182866
0.00182775
0.00182684
0.00182592
0.00182501
0.0018241
0.00182319
0.00182227
0.00182136
0.00182045
0.00181954
0.00181863
0.00181772
0.00181682
0.00181591
0.001815
0.00181409
0.00181319
0.00181228
0.00181137
0.00181047
0.00180956
0.00180866
0.00180775
0.00180685
0.00180595
0.00180504
0.00180414
0.00180324
0.00180234
0.00180144
0.00180054
0.00179964
0.00179874
0.00179784
0.00179694
0.00179604
0.00179514
0.00179425
0.00179335
0.00179245
0.00179156
0.00179066
0.00178977
0.00178887
0.00178798
0.00178708
0.00178619
0.0017853
0.00178441
0.00178351
0.00178262
0.00178173
0.00178084
0.00177995
0.00177906
0.00177817
0.00177728
0.00177639
0.00177551
0.00177462
0.00177373
0.00177284
0.00177196
0.00177107
0.00177019
0.0017693
0.00176842
0.00176753
0.00176665
0.00176577
0.00176488
0.001764
0.00176312
0.00176224
0.00176136
0.00176048
0.0017596
0.00175872
0.00175784
0.00175696
0.00175608
0.0017552
0.00175433
0.00175345
0.00175257
0.0017517
0.00175082
0.00174995
0.00174907
0.0017482
0.00174732
0.00174645
0.00174558
0.0017447
0.00174383
0.00174296
0.00174209
0.00174122
0.00174035
0.00173948
0.00173861
0.00173774
0.00173687
0.001736
0.00173513
0.00173427
0.0017334
0.00173253
0.00173167
0.0017308
0.00172994
0.00172907
0.00172821
0.00172734
0.00172648
0.00172562
0.00172476
0.00172389
0.00172303
0.00172217
0.00172131
0.00172045
0.00171959
0.00171873
0.00171787
0.00171701
0.00171615
0.0017153
0.00171444
0.00171358
0.00171272
0.00171187
0.00171101
0.00171016
0.0017093
0.00170845
0.00170759
0.00170674
0.00170589
0.00170503
0.00170418
0.00170333
0.00170248
0.00170163
0.00170078
0.00169993
0.00169908
0.00169823
0.00169738
0.00169653
0.00169568
0.00169483
0.00169399
0.00169314
0.00169229
0.00169145
0.0016906
0.00168976
0.00168891
0.00168807
0.00168722
0.00168638
0.00168554
0.0016847
0.00168385
0.00168301
0.00168217
0.00168133
0.00168049
0.00167965
0.00167881
0.00167797
0.00167713
0.00167629
0.00167546
0.00167462
0.00167378
0.00167294
0.00167211
0.00167127
0.00167044
0.0016696
0.00166877
0.00166793
0.0016671
0.00166627
0.00166543
0.0016646
0.00166377
0.00166294
0.00166211
0.00166127
0.00166044
0.00165961
0.00165878
0.00165796
0.00165713
0.0016563
0.00165547
0.00165464
0.00165382
0.00165299
0.00165216
0.00165134
0.00165051
0.00164969
0.00164886
0.00164804
0.00164721
0.00164639
0.00164557
0.00164474
0.00164392
0.0016431
0.00164228
0.00164146
0.00164064
0.00163982
0.001639
0.00163818
0.00163736
0.00163654
0.00163572
0.00163491
0.00163409
0.00163327
0.00163246
0.00163164
0.00163082
0.00163001
0.00162919
0.00162838
0.00162757
0.00162675
0.00162594
0.00162513
0.00162431
0.0016235
0.00162269
0.00162188
0.00162107
0.00162026
0.00161945
0.00161864
0.00161783
0.00161702
0.00161621
0.0016154
0.0016146
0.00161379
0.00161298
0.00161218
0.00161137
0.00161057
0.00160976
0.00160896
0.00160815
0.00160735
0.00160654
0.00160574
0.00160494
0.00160414
0.00160333
0.00160253
0.00160173
0.00160093
0.00160013
0.00159933
0.00159853
0.00159773
0.00159693
0.00159614
0.00159534
0.00159454
0.00159374
0.00159295
0.00159215
0.00159135
0.00159056
0.00158976
0.00158897
0.00158817
0.00158738
0.00158659
0.00158579
0.001585
0.00158421
0.00158342
0.00158263
0.00158183
0.00158104
0.00158025
0.00157946
0.00157867
0.00157788
0.0015771
0.00157631
0.00157552
0.00157473
0.00157394
0.00157316
0.00157237
0.00157159
0.0015708
0.00157001
0.00156923
0.00156845
0.00156766
0.00156688
0.00156609
0.00156531
0.00156453
0.00156375
0.00156297
0.00156218
0.0015614
0.00156062
0.00155984
0.00155906
0.00155828
0.0015575
0.00155673
0.00155595
0.00155517
0.00155439
0.00155362
0.00155284
0.00155206
0.00155129
0.00155051
0.00154974
0.00154896
0.00154819
0.00154741
0.00154664
0.00154587
0.00154509
0.00154432
0.00154355
0.00154278
0.00154201
0.00154124
0.00154047
0.0015397
0.00153893
0.00153816
0.00153739
0.00153662
0.00153585
0.00153508
0.00153432
0.00153355
0.00153278
0.00153202
0.00153125
0.00153049
0.00152972
0.00152896
0.00152819
0.00152743
0.00152666
0.0015259
0.00152514
0.00152438
0.00152361
0.00152285
0.00152209
0.00152133
0.00152057
0.00151981
0.00151905
0.00151829
0.00151753
0.00151677
0.00151601
0.00151526
0.0015145
0.00151374
0.00151299
0.00151223
0.00151147
0.00151072
0.00150996
0.00150921
0.00150845
0.0015077
0.00150695
0.00150619
0.00150544
0.00150469
0.00150394
0.00150318
0.00150243
0.00150168
0.00150093
0.00150018
0.00149943
0.00149868
0.00149793
0.00149718
0.00149643
0.00149569
0.00149494
0.00149419
0.00149344
0.0014927
0.00149195
0.00149121
0.00149046
0.00148972
0.00148897
0.00148823
0.00148748
0.00148674
0.001486
0.00148525
0.00148451
0.00148377
0.00148303
0.00148229
0.00148154
0.0014808
0.00148006
0.00147932
0.00147858
0.00147785
0.00147711
0.00147637
0.00147563
0.00147489
0.00147416
0.00147342
0.00147268
0.00147195
0.00147121
0.00147047
0.00146974
0.001469
0.00146827
0.00146754
0.0014668
0.00146607
0.00146534
0.0014646
0.00146387
0.00146314
0.00146241
0.00146168
0.00146095
0.00146022
0.00145949
0.00145876
0.00145803
0.0014573
0.00145657
0.00145584
0.00145512
0.00145439
0.00145366
0.00145293
0.00145221
0.00145148
0.00145076
0.00145003
0.00144931
0.00144858
0.00144786
0.00144713
0.00144641
0.00144569
0.00144496
0.00144424
0.00144352
0.0014428
0.00144208
0.00144136
0.00144064
0.00143992
0.0014392
0.00143848
0.00143776
0.00143704
0.00143632
0.0014356
0.00143489
0.00143417
0.00143345
0.00143273
0.00143202
0.0014313
0.00143059
0.00142987
0.00142916
0.00142844
0.00142773
0.00142702
0.0014263
0.00142559
0.00142488
0.00142416
0.00142345
0.00142274
0.00142203
0.00142132
0.00142061
0.0014199
0.00141919
0.00141848
0.00141777
0.00141706
0.00141635
0.00141564
0.00141494
0.00141423
0.00141352
0.00141282
0.00141211
0.0014114
0.0014107
0.00140999
0.00140929
0.00140858
0.00140788
0.00140718
0.00140647
0.00140577
0.00140507
0.00140436
0.00140366
0.00140296
0.00140226
0.00140156
0.00140086
0.00140016
0.00139946
0.00139876
0.00139806
0.00139736
0.00139666
0.00139596
0.00139527
0.00139457
0.00139387
0.00139317
0.00139248
0.00139178
0.00139109
0.00139039
0.0013897
0.001389
0.00138831
0.00138761
0.00138692
0.00138623
0.00138553
0.00138484
0.00138415
0.00138346
0.00138276
0.00138207
0.00138138
0.00138069
0.00138
0.00137931
0.00137862
0.00137793
0.00137724
0.00137656
0.00137587
0.00137518
0.00137449
0.00137381
0.00137312
0.00137243
0.00137175
0.00137106
0.00137038
0.00136969
0.00136901
0.00136832
0.00136764
0.00136695
0.00136627
0.00136559
0.00136491
0.00136422
0.00136354
0.00136286
0.00136218
0.0013615
0.00136082
0.00136014
0.00135946
0.00135878
0.0013581
0.00135742
0.00135674
0.00135606
0.00135538
0.00135471
0.00135403
0.00135335
0.00135268
0.001352
0.00135132
0.00135065
0.00134997
0.0013493
0.00134862
0.00134795
0.00134728
0.0013466
0.00134593
0.00134526
0.00134458
0.00134391
0.00134324
0.00134257
0.0013419
0.00134123
0.00134056
0.00133989
0.00133922
0.00133855
0.00133788
0.00133721
0.00133654
0.00133587
0.00133521
0.00133454
0.00133387
0.0013332
0.00133254
0.00133187
0.00133121
0.00133054
0.00132988
0.00132921
0.00132855
0.00132788
0.00132722
0.00132655
0.00132589
0.00132523
0.00132457
0.0013239
0.00132324
0.00132258
0.00132192
0.00132126
0.0013206
0.00131994
0.00131928
0.00131862
0.00131796
0.0013173
0.00131664
0.00131598
0.00131533
0.00131467
0.00131401
0.00131336
0.0013127
0.00131204
0.00131139
0.00131073
0.00131008
0.00130942
0.00130877
0.00130811
0.00130746
0.0013068
0.00130615
0.0013055
0.00130485
0.00130419
0.00130354
0.00130289
0.00130224
0.00130159
0.00130094
0.00130029
0.00129964
0.00129899
0.00129834
0.00129769
0.00129704
0.00129639
0.00129574
0.0012951
0.00129445
0.0012938
0.00129316
0.00129251
0.00129186
0.00129122
0.00129057
0.00128993
0.00128928
0.00128864
0.00128799
0.00128735
0.00128671
0.00128606
0.00128542
0.00128478
0.00128413
0.00128349
0.00128285
0.00128221
0.00128157
0.00128093
0.00128029
0.00127965
0.00127901
0.00127837
0.00127773
0.00127709
0.00127645
0.00127581
0.00127518
0.00127454
0.0012739
0.00127327
0.00127263
0.00127199
0.00127136
0.00127072
0.00127009
0.00126945
0.00126882
0.00126818
0.00126755
0.00126692
0.00126628
0.00126565
0.00126502
0.00126438
0.00126375
0.00126312
0.00126249
0.00126186
0.00126123
0.0012606
0.00125997
0.00125934
0.00125871
0.00125808
0.00125745
0.00125682
0.00125619
0.00125556
0.00125494
0.00125431
0.00125368
0.00125306
0.00125243
0.0012518
0.00125118
0.00125055
0.00124993
0.0012493
0.00124868
0.00124805
0.00124743
0.00124681
0.00124618
0.00124556
0.00124494
0.00124431
0.00124369
0.00124307
0.00124245
0.00124183
0.00124121
0.00124059
0.00123997
0.00123935
0.00123873
0.00123811
0.00123749
0.00123687
0.00123625
0.00123564
0.00123502
0.0012344
0.00123378
0.00123317
0.00123255
0.00123193
0.00123132
0.0012307
0.00123009
0.00122947
0.00122886
0.00122824
0.00122763
0.00122702
0.0012264
0.00122579
0.00122518
0.00122456
0.00122395
0.00122334
0.00122273
0.00122212
0.00122151
0.0012209
0.00122029
0.00121968
0.00121907
0.00121846
0.00121785
0.00121724
0.00121663
0.00121602
0.00121541
0.00121481
0.0012142
0.00121359
0.00121299
0.00121238
0.00121177
0.00121117
0.00121056
0.00120996
0.00120935
0.00120875
0.00120814
0.00120754
0.00120694
0.00120633
0.00120573
0.00120513
0.00120452
0.00120392
0.00120332
0.00120272
0.00120212
0.00120152
0.00120092
0.00120032
0.00119972
0.00119912
0.00119852
0.00119792
0.00119732
0.00119672
0.00119612
0.00119552
0.00119493
0.00119433
0.00119373
0.00119314
0.00119254
0.00119194
0.00119135
0.00119075
0.00119016
0.00118956
0.00118897
0.00118837
0.00118778
0.00118719
0.00118659
0.001186
0.00118541
0.00118481
0.00118422
0.00118363
0.00118304
0.00118245
0.00118185
0.00118126
0.00118067
0.00118008
0.00117949
0.0011789
0.00117831
0.00117773
0.00117714
0.00117655
0.00117596
0.00117537
0.00117478
0.0011742
0.00117361
0.00117302
0.00117244
0.00117185
0.00117127
0.00117068
0.0011701
0.00116951
0.00116893
0.00116834
0.00116776
0.00116717
0.00116659
0.00116601
0.00116542
0.00116484
0.00116426
0.00116368
0.0011631
0.00116251
0.00116193
0.00116135
0.00116077
0.00116019
0.00115961
0.00115903
0.00115845
0.00115787
0.00115729
0.00115672
0.00115614
0.00115556
0.00115498
0.00115441
0.00115383
0.00115325
0.00115267
0.0011521
0.00115152
0.00115095
0.00115037
0.0011498
0.00114922
0.00114865
0.00114807
0.0011475
0.00114693
0.00114635
0.00114578
0.00114521
0.00114463
0.00114406
0.00114349
0.00114292
0.00114235
0.00114178
0.00114121
0.00114063
0.00114006
0.00113949
0.00113893
0.00113836
0.00113779
0.00113722
0.00113665
0.00113608
0.00113551
0.00113495
0.00113438
0.00113381
0.00113324
0.00113268
0.00113211
0.00113155
0.00113098
0.00113042
0.00112985
0.00112929
0.00112872
0.00112816
0.00112759
0.00112703
0.00112647
0.0011259
0.00112534
0.00112478
0.00112422
0.00112365
0.00112309
0.00112253
0.00112197
0.00112141
0.00112085
0.00112029
0.00111973
0.00111917
0.00111861
0.00111805
0.00111749
0.00111693
0.00111637
0.00111582
0.00111526
0.0011147
0.00111414
0.00111359
0.00111303
0.00111247
0.00111192
0.00111136
0.00111081
0.00111025
0.00110969
0.00110914
0.00110859
0.00110803
0.00110748
0.00110692
0.00110637
0.00110582
0.00110526
0.00110471
0.00110416
0.00110361
0.00110306
0.00110251
0.00110195
0.0011014
0.00110085
0.0011003
0.00109975
0.0010992
0.00109865
0.0010981
0.00109756
0.00109701
0.00109646
0.00109591
0.00109536
0.00109481
0.00109427
0.00109372
0.00109317
0.00109263
0.00109208
0.00109154
0.00109099
0.00109044
0.0010899
0.00108935
0.00108881
0.00108827
0.00108772
0.00108718
0.00108663
0.00108609
0.00108555
0.00108501
0.00108446
0.00108392
0.00108338
0.00108284
0.0010823
0.00108176
0.00108121
0.00108067
0.00108013
0.00107959
0.00107905
0.00107851
0.00107798
0.00107744
0.0010769
0.00107636
0.00107582
0.00107528
0.00107475
0.00107421
0.00107367
0.00107314
0.0010726
0.00107206
0.00107153
0.00107099
0.00107046
0.00106992
0.00106939
0.00106885
0.00106832
0.00106778
0.00106725
0.00106672
0.00106618
0.00106565
0.00106512
0.00106459
0.00106405
0.00106352
0.00106299
0.00106246
0.00106193
0.0010614
0.00106087
0.00106034
0.00105981
0.00105928
0.00105875
0.00105822
0.00105769
0.00105716
0.00105663
0.0010561
0.00105557
0.00105505
0.00105452
0.00105399
0.00105347
0.00105294
0.00105241
0.00105189
0.00105136
0.00105084
0.00105031
0.00104978
0.00104926
0.00104874
0.00104821
0.00104769
0.00104716
0.00104664
0.00104612
0.00104559
0.00104507
0.00104455
0.00104403
0.0010435
0.00104298
0.00104246
0.00104194
0.00104142
0.0010409
0.00104038
0.00103986
0.00103934
0.00103882
0.0010383
0.00103778
0.00103726
0.00103674
0.00103623
0.00103571
0.00103519
0.00103467
0.00103416
0.00103364
0.00103312
0.00103261
0.00103209
0.00103157
0.00103106
0.00103054
0.00103003
0.00102951
0.001029
0.00102848
0.00102797
0.00102746
0.00102694
0.00102643
0.00102592
0.0010254
0.00102489
0.00102438
0.00102387
0.00102335
0.00102284
0.00102233
0.00102182
0.00102131
0.0010208
0.00102029
0.00101978
0.00101927
0.00101876
0.00101825
0.00101774
0.00101723
0.00101672
0.00101622
0.00101571
0.0010152
0.00101469
0.00101418
0.00101368
0.00101317
0.00101266
0.00101216
0.00101165
0.00101115
0.00101064
0.00101014
0.00100963
0.00100913
0.00100862
0.00100812
0.00100761
0.00100711
0.00100661
0.0010061
0.0010056
0.0010051
0.0010046
0.00100409
0.00100359
0.00100309
0.00100259
0.00100209
0.00100159
0.00100109
0.00100059
0.00100009
0.000999585
0.000999086
0.000998586
0.000998087
0.000997588
0.000997089
0.000996591
0.000996093
0.000995595
0.000995097
0.0009946
0.000994103
0.000993606
0.000993109
0.000992613
0.000992116
0.00099162
0.000991125
0.000990629
0.000990134
0.000989639
0.000989144
0.00098865
0.000988156
0.000987662
0.000987168
0.000986675
0.000986181
0.000985688
0.000985196
0.000984703
0.000984211
0.000983719
0.000983227
0.000982736
0.000982245
0.000981754
0.000981263
0.000980772
0.000980282
0.000979792
0.000979302
0.000978813
0.000978323
0.000977834
0.000977346
0.000976857
0.000976369
0.000975881
0.000975393
0.000974905
0.000974418
0.000973931
0.000973444
0.000972957
0.000972471
0.000971985
0.000971499
0.000971014
0.000970528
0.000970043
0.000969558
0.000969073
0.000968589
0.000968105
0.000967621
0.000967137
0.000966654
0.000966171
0.000965688
0.000965205
0.000964722
0.00096424
0.000963758
0.000963276
0.000962795
0.000962314
0.000961833
0.000961352
0.000960871
0.000960391
0.000959911
0.000959431
0.000958951
0.000958472
0.000957993
0.000957514
0.000957035
0.000956557
0.000956079
0.000955601
0.000955123
0.000954646
0.000954169
0.000953692
0.000953215
0.000952738
0.000952262
0.000951786
0.00095131
0.000950835
0.00095036
0.000949884
0.00094941
0.000948935
0.000948461
0.000947987
0.000947513
0.000947039
0.000946566
0.000946093
0.00094562
0.000945147
0.000944674
0.000944202
0.00094373
0.000943259
0.000942787
0.000942316
0.000941845
0.000941374
0.000940903
0.000940433
0.000939963
0.000939493
0.000939023
0.000938554
0.000938085
0.000937616
0.000937147
0.000936679
0.000936211
0.000935743
0.000935275
0.000934807
0.00093434
0.000933873
0.000933406
0.00093294
0.000932473
0.000932007
0.000931541
0.000931076
0.00093061
0.000930145
0.00092968
0.000929215
0.000928751
0.000928286
0.000927822
0.000927359
0.000926895
0.000926432
0.000925969
0.000925506
0.000925043
0.000924581
0.000924119
0.000923657
0.000923195
0.000922733
0.000922272
0.000921811
0.00092135
0.00092089
0.000920429
0.000919969
0.000919509
0.00091905
0.00091859
0.000918131
0.000917672
0.000917214
0.000916755
0.000916297
0.000915839
0.000915381
0.000914923
0.000914466
0.000914009
0.000913552
0.000913095
0.000912639
0.000912183
0.000911727
0.000911271
0.000910816
0.00091036
0.000909905
0.00090945
0.000908996
0.000908541
0.000908087
0.000907633
0.00090718
0.000906726
0.000906273
0.00090582
0.000905367
0.000904914
0.000904462
0.00090401
0.000903558
0.000903106
0.000902655
0.000902204
0.000901753
0.000901302
0.000900851
0.000900401
0.000899951
0.000899501
0.000899052
0.000898602
0.000898153
0.000897704
0.000897255
0.000896807
0.000896358
0.00089591
0.000895463
0.000895015
0.000894568
0.00089412
0.000893673
0.000893227
0.00089278
0.000892334
0.000891888
0.000891442
0.000890996
0.000890551
0.000890106
0.000889661
0.000889216
0.000888772
0.000888327
0.000887883
0.00088744
0.000886996
0.000886553
0.000886109
0.000885666
0.000885224
0.000884781
0.000884339
0.000883897
0.000883455
0.000883013
0.000882572
0.000882131
0.00088169
0.000881249
0.000880809
0.000880368
0.000879928
0.000879488
0.000879049
0.000878609
0.00087817
0.000877731
0.000877292
0.000876854
0.000876416
0.000875977
0.00087554
0.000875102
0.000874664
0.000874227
0.00087379
0.000873353
0.000872917
0.000872481
0.000872044
0.000871609
0.000871173
0.000870737
0.000870302
0.000869867
0.000869432
0.000868998
0.000868563
0.000868129
0.000867695
0.000867261
0.000866828
0.000866395
0.000865961
0.000865529
0.000865096
0.000864663
0.000864231
0.000863799
0.000863367
0.000862936
0.000862505
0.000862073
0.000861642
0.000861212
0.000860781
0.000860351
0.000859921
0.000859491
0.000859061
0.000858632
0.000858203
0.000857774
0.000857345
0.000856916
0.000856488
0.00085606
0.000855632
0.000855204
0.000854777
0.00085435
0.000853922
0.000853496
0.000853069
0.000852643
0.000852216
0.00085179
0.000851365
0.000850939
0.000850514
0.000850088
0.000849663
0.000849239
0.000848814
0.00084839
0.000847966
0.000847542
0.000847118
0.000846695
0.000846272
0.000845849
0.000845426
0.000845003
0.000844581
0.000844159
0.000843737
0.000843315
0.000842893
0.000842472
0.000842051
0.00084163
0.000841209
0.000840789
0.000840368
0.000839948
0.000839528
0.000839109
0.000838689
0.00083827
0.000837851
0.000837432
0.000837014
0.000836595
0.000836177
0.000835759
0.000835341
0.000834924
0.000834506
0.000834089
0.000833672
0.000833256
0.000832839
0.000832423
0.000832007
0.000831591
0.000831175
0.00083076
0.000830344
0.000829929
0.000829514
0.0008291
0.000828685
0.000828271
0.000827857
0.000827443
0.00082703
0.000826616
0.000826203
0.00082579
0.000825377
0.000824965
0.000824552
0.00082414
0.000823728
0.000823316
0.000822905
0.000822493
0.000822082
0.000821671
0.000821261
0.00082085
