21713.3
18400.7
15467.3
13529.8
12402.7
11794.3
11493.5
11365.1
11325.8
11324.6
11330.5
11322.9
11286.8
11208.3
11074.2
10875.3
10620.1
10344.3
10086.9
9854.44
9630.71
9400.79
9157.56
8899.88
8630.19
8352.79
8073.1
7797.11
7530.74
7279.24
7046.77
6836.1
6648.5
6483.65
6339.94
6215.15
6106.9
6013.09
5931.71
5861.36
5800.2
5747.74
5701.63
5663.27
5627.65
5601.57
5571.06
5559.29
5523.73
5538.55
5471.66
5556.18
5381.82
5678.19
5177.63
6173.61
4812.6
8287.79
5347.98
13941.7
6604.32
12122
5507.47
8689.81
4973.01
7161.39
4927.18
6549.49
5010.12
6268.09
5089.78
6120.05
5142.54
6035.56
5169.21
5986.43
5174.64
5960.65
5163.24
5953.37
5138.21
5963.27
5101.76
5990.8
5055.56
6037.15
5001.39
6102.99
4941.76
6186.68
4880.6
6281.57
4823.26
6373.55
4775.71
6441.73
4742.99
6465.59
4727.86
6436.36
4730.38
6362.54
4748.01
6263.42
4776.25
6157.81
4810.03
6057.81
4845.03
5968.77
4878.4
5891.83
4908.63
5826.16
4935.16
5770.26
4957.96
5722.58
4977.29
5681.72
4993.54
5646.51
5007.1
5615.99
5018.37
5589.38
5027.68
5566.06
5035.33
5545.5
5041.6
5527.3
5046.69
5511.09
5050.79
5496.6
5054.07
5483.58
5056.64
5471.82
5058.64
5461.16
5060.15
5451.44
5061.25
5442.53
5062.01
5434.32
5062.5
5426.71
5062.77
5419.62
5062.86
5412.96
5062.81
5406.66
5062.66
5400.66
5062.44
5394.91
5062.17
5389.36
5061.88
5383.95
5061.59
5378.65
5061.32
5373.43
5061.08
5368.25
5060.89
5363.08
5060.75
5357.9
5060.67
5352.69
5060.67
5347.43
5060.74
5342.11
5060.88
5336.73
5061.11
5331.26
5061.41
5325.71
5061.79
5320.07
5062.24
5314.35
5062.76
5308.54
5063.34
5302.66
5063.98
5296.69
5064.67
5290.66
5065.4
5284.56
5066.16
5278.41
5066.95
5272.21
5067.76
5265.97
5068.58
5259.71
5069.39
5253.42
5070.2
5247.13
5070.99
5240.83
5071.76
5234.54
5072.49
5228.27
5073.18
5222.03
5073.81
5215.82
5074.39
5209.64
5074.9
5203.52
5075.34
5197.44
5075.69
5191.42
5075.97
5185.47
5076.15
5179.58
5076.23
5173.76
5076.21
5168.02
5076.08
5162.35
5075.84
5156.76
5075.48
5151.24
5075.01
5145.81
5074.42
5140.46
5073.7
5135.18
5072.87
5129.98
5071.9
5124.86
5070.82
5119.82
5069.6
5114.86
5068.27
5109.96
5066.81
5105.14
5065.24
5100.39
5063.54
5095.71
5061.73
5091.1
5059.82
5086.55
5057.79
5082.06
5055.66
5077.64
5053.44
5073.28
5051.13
5068.98
5048.72
5064.73
5046.24
5060.55
5043.69
5056.42
5041.06
5052.36
5038.38
5048.34
5035.64
5044.39
5032.85
5040.5
5030.02
5036.66
5027.15
5032.87
5024.25
5029.15
5021.33
5025.48
5018.39
5021.87
5015.44
5018.32
5012.48
5014.82
5009.52
5011.38
5006.56
5008
5003.61
5004.67
5000.67
5001.41
4997.75
4998.19
4994.84
4995.04
4991.96
4991.94
4989.1
4988.89
4986.27
4985.91
4983.47
4982.97
4980.71
4980.09
4977.98
4977.27
4975.29
4974.5
4972.64
4971.78
4970.03
4969.12
4967.45
4966.51
4964.93
4963.95
4962.44
4961.44
4960
4958.98
4957.6
4956.57
4955.24
4954.21
4952.92
4951.89
4950.65
4949.62
4948.42
4947.39
4946.22
4945.2
4944.06
4943.05
4941.94
4940.93
4939.86
4938.86
4937.8
4936.81
4935.78
4934.8
4933.79
4932.83
4931.83
4930.88
4929.91
4928.97
4928.01
4927.08
4926.14
4925.23
4924.31
4923.41
4922.51
4921.63
4920.75
4919.88
4919.02
4918.17
4917.33
4916.5
4915.68
4914.87
4914.06
4913.27
4912.49
4911.72
4910.96
4910.21
4909.47
4908.74
4908.02
4907.31
4906.62
4905.93
4905.25
4904.58
4903.92
4903.27
4902.63
4902
4901.38
4900.77
4900.16
4899.57
4898.98
4898.41
4897.84
4897.27
4896.72
4896.17
4895.64
4895.1
4894.58
4894.06
4893.55
4893.05
4892.55
4892.06
4891.57
4891.09
4890.62
4890.15
4889.69
4889.23
4888.78
4888.33
4887.89
4887.46
4887.02
4886.6
4886.18
4885.76
4885.34
4884.93
4884.53
4884.13
4883.73
4883.34
4882.95
4882.56
4882.18
4881.8
4881.43
4881.06
4880.69
4880.32
4879.96
4879.6
4879.25
4878.9
4878.55
4878.21
4877.86
4877.52
4877.19
4876.85
4876.52
4876.2
4875.87
4875.55
4875.23
4874.91
4874.6
4874.29
4873.98
4873.67
4873.37
4873.07
4872.77
4872.47
4872.18
4871.89
4871.6
4871.31
4871.03
4870.75
4870.47
4870.19
4869.91
4869.64
4869.37
4869.1
4868.84
4868.57
4868.31
4868.05
4867.8
4867.54
4867.29
4867.04
4866.79
4866.54
4866.3
4866.05
4865.81
4865.57
4865.34
4865.1
4864.87
4864.64
4864.41
4864.18
4863.96
4863.73
4863.51
4863.29
4863.08
4862.86
4862.65
4862.43
4862.22
4862.02
4861.81
4861.6
4861.4
4861.2
4861
4860.8
4860.61
4860.41
4860.22
4860.03
4859.84
4859.65
4859.46
4859.28
4859.1
4858.92
4858.74
4858.56
4858.38
4858.21
4858.03
4857.86
4857.69
4857.52
4857.36
4857.19
4857.03
4856.86
4856.7
4856.54
4856.38
4856.23
4856.07
4855.92
4855.76
4855.61
4855.46
4855.31
4855.17
4855.02
4854.88
4854.73
4854.59
4854.45
4854.31
4854.17
4854.04
4853.9
4853.77
4853.63
4853.5
4853.37
4853.24
4853.11
4852.98
4852.86
4852.73
4852.61
4852.49
4852.37
4852.25
4852.13
4852.01
4851.89
4851.78
4851.66
4851.55
4851.43
4851.32
4851.21
4851.1
4851
4850.89
4850.78
4850.68
4850.57
4850.47
4850.37
4850.26
4850.16
4850.07
4849.97
4849.87
4849.77
4849.68
4849.58
4849.49
4849.4
4849.3
4849.21
4849.12
4849.03
4848.95
4848.86
4848.77
4848.69
4848.6
4848.52
4848.44
4848.35
4848.27
4848.19
4848.11
4848.03
4847.96
4847.88
4847.8
4847.73
4847.65
4847.58
4847.51
4847.44
4847.37
4847.29
4847.23
4847.16
4847.09
4847.02
4846.96
4846.89
4846.82
4846.76
4846.7
4846.64
4846.57
4846.51
4846.45
4846.39
4846.33
4846.28
4846.22
4846.16
4846.11
4846.05
4846
4845.95
4845.89
4845.84
4845.79
4845.74
4845.69
4845.64
4845.59
4845.54
4845.5
4845.45
4845.41
4845.36
4845.32
4845.27
4845.23
4845.19
4845.15
4845.11
4845.07
4845.03
4844.99
4844.95
4844.91
4844.88
4844.84
4844.81
4844.77
4844.74
4844.71
4844.67
4844.64
4844.61
4844.58
4844.55
4844.52
4844.49
4844.46
4844.44
4844.41
4844.38
4844.36
4844.33
4844.31
4844.29
4844.26
4844.24
4844.22
4844.2
4844.18
4844.16
4844.14
4844.12
4844.1
4844.08
4844.07
4844.05
4844.04
4844.02
4844.01
4843.99
4843.98
4843.97
4843.95
4843.94
4843.93
4843.92
4843.91
4843.9
4843.89
4843.89
4843.88
4843.87
4843.86
4843.86
4843.85
4843.85
4843.84
4843.84
4843.84
4843.83
4843.83
4843.83
4843.83
4843.83
4843.83
4843.83
4843.83
4843.83
4843.83
4843.84
4843.84
4843.84
4843.85
4843.85
4843.85
4843.86
4843.87
4843.87
4843.88
4843.89
4843.89
4843.9
4843.91
4843.92
4843.93
4843.94
4843.95
4843.96
4843.97
4843.98
4844
4844.01
4844.02
4844.04
4844.05
4844.06
4844.08
4844.09
4844.11
4844.13
4844.14
4844.16
4844.18
4844.2
4844.21
4844.23
4844.25
4844.27
4844.29
4844.31
4844.33
4844.35
4844.37
4844.4
4844.42
4844.44
4844.46
4844.49
4844.51
4844.53
4844.56
4844.58
4844.61
4844.63
4844.66
4844.69
4844.71
4844.74
4844.77
4844.79
4844.82
4844.85
4844.88
4844.91
4844.94
4844.97
4845
4845.03
4845.06
4845.09
4845.12
4845.15
4845.18
4845.22
4845.25
4845.28
4845.31
4845.35
4845.38
4845.42
4845.45
4845.48
4845.52
4845.55
4845.59
4845.63
4845.66
4845.7
4845.74
4845.77
4845.81
4845.85
4845.89
4845.92
4845.96
4846
4846.04
4846.08
4846.12
4846.16
4846.2
4846.24
4846.28
4846.32
4846.36
4846.4
4846.44
4846.49
4846.53
4846.57
4846.61
4846.66
4846.7
4846.74
4846.79
4846.83
4846.87
4846.92
4846.96
4847.01
4847.05
4847.1
4847.14
4847.19
4847.24
4847.28
4847.33
4847.37
4847.42
4847.47
4847.52
4847.56
4847.61
4847.66
4847.71
4847.76
4847.8
4847.85
4847.9
4847.95
4848
4848.05
4848.1
4848.15
4848.2
4848.25
4848.3
4848.35
4848.41
4848.46
4848.51
4848.56
4848.61
4848.66
4848.72
4848.77
4848.82
4848.88
4848.93
4848.98
4849.04
4849.09
4849.14
4849.2
4849.25
4849.31
4849.36
4849.42
4849.47
4849.53
4849.58
4849.64
4849.69
4849.75
4849.8
4849.86
4849.92
4849.97
4850.03
4850.09
4850.15
4850.2
4850.26
4850.32
4850.38
4850.43
4850.49
4850.55
4850.61
4850.67
4850.73
4850.79
4850.84
4850.9
4850.96
4851.02
4851.08
4851.14
4851.2
4851.26
4851.32
4851.38
4851.44
4851.51
4851.57
4851.63
4851.69
4851.75
4851.81
4851.87
4851.94
4852
4852.06
4852.12
4852.18
4852.25
4852.31
4852.37
4852.44
4852.5
4852.56
4852.63
4852.69
4852.75
4852.82
4852.88
4852.95
4853.01
4853.07
4853.14
4853.2
4853.27
4853.33
4853.4
4853.46
4853.53
4853.59
4853.66
4853.73
4853.79
4853.86
4853.92
4853.99
4854.06
4854.12
4854.19
4854.26
4854.32
4854.39
4854.46
4854.52
4854.59
4854.66
4854.73
4854.79
4854.86
4854.93
4855
4855.06
4855.13
4855.2
4855.27
4855.34
4855.41
4855.48
4855.54
4855.61
4855.68
4855.75
4855.82
4855.89
4855.96
4856.03
4856.1
4856.17
4856.24
4856.31
4856.38
4856.45
4856.52
4856.59
4856.66
4856.73
4856.8
4856.87
4856.94
4857.01
4857.08
4857.15
4857.23
4857.3
4857.37
4857.44
4857.51
4857.58
4857.66
4857.73
4857.8
4857.87
4857.94
4858.02
4858.09
4858.16
4858.23
4858.3
4858.38
4858.45
4858.52
4858.6
4858.67
4858.74
4858.81
4858.89
4858.96
4859.03
4859.11
4859.18
4859.25
4859.33
4859.4
4859.48
4859.55
4859.62
4859.7
4859.77
4859.85
4859.92
4859.99
4860.07
4860.14
4860.22
4860.29
4860.37
4860.44
4860.52
4860.59
4860.67
4860.74
4860.82
4860.89
4860.97
4861.04
4861.12
4861.19
4861.27
4861.35
4861.42
4861.5
4861.57
4861.65
4861.72
4861.8
4861.88
4861.95
4862.03
4862.11
4862.18
4862.26
4862.34
4862.41
4862.49
4862.57
4862.64
4862.72
4862.8
4862.87
4862.95
4863.03
4863.1
4863.18
4863.26
4863.34
4863.41
4863.49
4863.57
4863.65
4863.72
4863.8
4863.88
4863.96
4864.03
4864.11
4864.19
4864.27
4864.35
4864.43
4864.5
4864.58
4864.66
4864.74
4864.82
4864.9
4864.97
4865.05
4865.13
4865.21
4865.29
4865.37
4865.45
4865.53
4865.61
4865.68
4865.76
4865.84
4865.92
4866
4866.08
4866.16
4866.24
4866.32
4866.4
4866.48
4866.56
4866.64
4866.72
4866.8
4866.88
4866.96
4867.04
4867.12
4867.2
4867.28
4867.36
4867.44
4867.52
4867.6
4867.68
4867.76
4867.84
4867.92
4868
4868.09
4868.17
4868.25
4868.33
4868.41
4868.49
4868.57
4868.65
4868.73
4868.81
4868.9
4868.98
4869.06
4869.14
4869.22
4869.3
4869.39
4869.47
4869.55
4869.63
4869.71
4869.79
4869.88
4869.96
4870.04
4870.12
4870.2
4870.29
4870.37
4870.45
4870.53
4870.62
4870.7
4870.78
4870.86
4870.95
4871.03
4871.11
4871.19
4871.28
4871.36
4871.44
4871.53
4871.61
4871.69
4871.77
4871.86
4871.94
4872.02
4872.11
4872.19
4872.27
4872.36
4872.44
4872.52
4872.61
4872.69
4872.78
4872.86
4872.94
4873.03
4873.11
4873.19
4873.28
4873.36
4873.45
4873.53
4873.61
4873.7
4873.78
4873.87
4873.95
4874.04
4874.12
4874.2
4874.29
4874.37
4874.46
4874.54
4874.63
4874.71
4874.8
4874.88
4874.97
4875.05
4875.14
4875.22
4875.31
4875.39
4875.48
4875.56
4875.65
4875.73
4875.82
4875.9
4875.99
4876.07
4876.16
4876.24
4876.33
4876.42
4876.5
4876.59
4876.67
4876.76
4876.84
4876.93
4877.02
4877.1
4877.19
4877.27
4877.36
4877.45
4877.53
4877.62
4877.7
4877.79
4877.88
4877.96
4878.05
4878.14
4878.22
4878.31
4878.4
4878.48
4878.57
4878.66
4878.74
4878.83
4878.92
4879
4879.09
4879.18
4879.26
4879.35
4879.44
4879.52
4879.61
4879.7
4879.79
4879.87
4879.96
4880.05
4880.14
4880.22
4880.31
4880.4
4880.48
4880.57
4880.66
4880.75
4880.84
4880.92
4881.01
4881.1
4881.19
4881.27
4881.36
4881.45
4881.54
4881.63
4881.71
4881.8
4881.89
4881.98
4882.07
4882.15
4882.24
4882.33
4882.42
4882.51
4882.6
4882.68
4882.77
4882.86
4882.95
4883.04
4883.13
4883.22
4883.3
4883.39
4883.48
4883.57
4883.66
4883.75
4883.84
4883.93
4884.02
4884.1
4884.19
4884.28
4884.37
4884.46
4884.55
4884.64
4884.73
4884.82
4884.91
4885
4885.09
4885.18
4885.26
4885.35
4885.44
4885.53
4885.62
4885.71
4885.8
4885.89
4885.98
4886.07
4886.16
4886.25
4886.34
4886.43
4886.52
4886.61
4886.7
4886.79
4886.88
4886.97
4887.06
4887.15
4887.24
4887.33
4887.42
4887.51
4887.6
4887.69
4887.78
4887.87
4887.96
4888.05
4888.14
4888.24
4888.33
4888.42
4888.51
4888.6
4888.69
4888.78
4888.87
4888.96
4889.05
4889.14
4889.23
4889.32
4889.41
4889.51
4889.6
4889.69
4889.78
4889.87
4889.96
4890.05
4890.14
4890.23
4890.33
4890.42
4890.51
4890.6
4890.69
4890.78
4890.87
4890.97
4891.06
4891.15
4891.24
4891.33
4891.42
4891.51
4891.61
4891.7
4891.79
4891.88
4891.97
4892.07
4892.16
4892.25
4892.34
4892.43
4892.52
4892.62
4892.71
4892.8
4892.89
4892.98
4893.08
4893.17
4893.26
4893.35
4893.45
4893.54
4893.63
4893.72
4893.81
4893.91
4894
4894.09
4894.18
4894.28
4894.37
4894.46
4894.55
4894.65
4894.74
4894.83
4894.93
4895.02
4895.11
4895.2
4895.3
4895.39
4895.48
4895.57
4895.67
4895.76
4895.85
4895.95
4896.04
4896.13
4896.23
4896.32
4896.41
4896.5
4896.6
4896.69
4896.78
4896.88
4896.97
4897.06
4897.16
4897.25
4897.34
4897.44
4897.53
4897.62
4897.72
4897.81
4897.9
4898
4898.09
4898.18
4898.28
4898.37
4898.47
4898.56
4898.65
4898.75
4898.84
4898.93
4899.03
4899.12
4899.22
4899.31
4899.4
4899.5
4899.59
4899.69
4899.78
4899.87
4899.97
4900.06
4900.16
4900.25
4900.34
4900.44
4900.53
4900.63
4900.72
4900.81
4900.91
4901
4901.1
4901.19
4901.29
4901.38
4901.48
4901.57
4901.66
4901.76
4901.85
4901.95
4902.04
4902.14
4902.23
4902.33
4902.42
4902.52
4902.61
4902.7
4902.8
4902.89
4902.99
4903.08
4903.18
4903.27
4903.37
4903.46
4903.56
4903.65
4903.75
4903.84
4903.94
4904.03
4904.13
4904.22
4904.32
4904.41
4904.51
4904.6
4904.7
4904.79
4904.89
4904.98
4905.08
4905.17
4905.27
4905.36
4905.46
4905.56
4905.65
4905.75
4905.84
4905.94
4906.03
4906.13
4906.22
4906.32
4906.41
4906.51
4906.61
4906.7
4906.8
4906.89
4906.99
4907.08
4907.18
4907.27
4907.37
4907.47
4907.56
4907.66
4907.75
4907.85
4907.94
4908.04
4908.14
4908.23
4908.33
4908.42
4908.52
4908.62
4908.71
4908.81
4908.9
4909
4909.1
4909.19
4909.29
4909.38
4909.48
4909.58
4909.67
4909.77
4909.86
4909.96
4910.06
4910.15
4910.25
4910.35
4910.44
4910.54
4910.63
4910.73
4910.83
4910.92
4911.02
4911.12
4911.21
4911.31
4911.41
4911.5
4911.6
4911.7
4911.79
4911.89
4911.98
4912.08
4912.18
4912.27
4912.37
4912.47
4912.56
4912.66
4912.76
4912.85
4912.95
4913.05
4913.14
4913.24
4913.34
4913.43
4913.53
4913.63
4913.73
4913.82
4913.92
4914.02
4914.11
4914.21
4914.31
4914.4
4914.5
4914.6
4914.69
4914.79
4914.89
4914.98
4915.08
4915.18
4915.28
4915.37
4915.47
4915.57
4915.66
4915.76
4915.86
4915.96
4916.05
4916.15
4916.25
4916.34
4916.44
4916.54
4916.64
4916.73
4916.83
4916.93
4917.02
4917.12
4917.22
4917.32
4917.41
4917.51
4917.61
4917.71
4917.8
4917.9
4918
4918.1
4918.19
4918.29
4918.39
4918.48
4918.58
4918.68
4918.78
4918.87
4918.97
4919.07
4919.17
4919.26
4919.36
4919.46
4919.56
4919.65
4919.75
4919.85
4919.95
4920.05
4920.14
4920.24
4920.34
4920.44
4920.53
4920.63
4920.73
4920.83
4920.92
4921.02
4921.12
4921.22
4921.31
4921.41
4921.51
4921.61
4921.71
4921.8
4921.9
4922
4922.1
4922.19
4922.29
4922.39
4922.49
4922.59
4922.68
4922.78
4922.88
4922.98
4923.08
4923.17
4923.27
4923.37
4923.47
4923.57
4923.66
4923.76
4923.86
4923.96
4924.05
4924.15
4924.25
4924.35
4924.45
4924.54
4924.64
4924.74
4924.84
4924.94
4925.03
4925.13
4925.23
4925.33
4925.43
4925.52
4925.62
4925.72
4925.82
4925.92
4926.02
4926.11
4926.21
4926.31
4926.41
4926.51
4926.6
4926.7
4926.8
4926.9
4927
4927.09
4927.19
4927.29
4927.39
4927.49
4927.59
4927.68
4927.78
4927.88
4927.98
4928.08
4928.17
4928.27
4928.37
4928.47
4928.57
4928.67
4928.76
4928.86
4928.96
4929.06
4929.16
4929.25
4929.35
4929.45
4929.55
4929.65
4929.75
4929.84
4929.94
4930.04
4930.14
4930.24
4930.34
4930.43
4930.53
4930.63
4930.73
4930.83
4930.92
4931.02
4931.12
4931.22
4931.32
4931.42
4931.51
4931.61
4931.71
4931.81
4931.91
4932.01
4932.1
4932.2
4932.3
4932.4
4932.5
4932.6
4932.69
4932.79
4932.89
4932.99
4933.09
4933.19
4933.28
4933.38
4933.48
4933.58
4933.68
4933.78
4933.87
4933.97
4934.07
4934.17
4934.27
4934.37
4934.46
4934.56
4934.66
4934.76
4934.86
4934.96
4935.05
4935.15
4935.25
4935.35
4935.45
4935.55
4935.64
4935.74
4935.84
4935.94
4936.04
4936.14
4936.23
4936.33
4936.43
4936.53
4936.63
4936.72
4936.82
4936.92
4937.02
4937.12
4937.22
4937.31
4937.41
4937.51
4937.61
4937.71
4937.81
4937.9
4938
4938.1
4938.2
4938.3
4938.4
4938.49
4938.59
4938.69
4938.79
4938.89
4938.99
4939.08
4939.18
4939.28
4939.38
4939.48
4939.57
4939.67
4939.77
4939.87
4939.97
4940.07
4940.16
4940.26
4940.36
4940.46
4940.56
4940.65
4940.75
4940.85
4940.95
4941.05
4941.15
4941.24
4941.34
4941.44
4941.54
4941.64
4941.73
4941.83
4941.93
4942.03
4942.13
4942.23
4942.32
4942.42
4942.52
4942.62
4942.72
4942.81
4942.91
4943.01
4943.11
4943.21
4943.3
4943.4
4943.5
4943.6
4943.7
4943.79
4943.89
4943.99
4944.09
4944.19
4944.28
4944.38
4944.48
4944.58
4944.68
4944.77
4944.87
4944.97
4945.07
4945.17
4945.26
4945.36
4945.46
4945.56
4945.66
4945.75
4945.85
4945.95
4946.05
4946.15
4946.24
4946.34
4946.44
4946.54
4946.63
4946.73
4946.83
4946.93
4947.03
4947.12
4947.22
4947.32
4947.42
4947.52
4947.61
4947.71
4947.81
4947.91
4948
4948.1
4948.2
4948.3
4948.39
4948.49
4948.59
4948.69
4948.79
4948.88
4948.98
4949.08
4949.18
4949.27
4949.37
4949.47
4949.57
4949.66
4949.76
4949.86
4949.96
4950.05
4950.15
4950.25
4950.35
4950.44
4950.54
4950.64
4950.74
4950.84
4950.93
4951.03
4951.13
4951.22
4951.32
4951.42
4951.52
4951.61
4951.71
4951.81
4951.91
4952
4952.1
4952.2
4952.3
4952.39
4952.49
4952.59
4952.69
4952.78
4952.88
4952.98
4953.07
4953.17
4953.27
4953.37
4953.46
4953.56
4953.66
4953.76
4953.85
4953.95
4954.05
4954.14
4954.24
4954.34
4954.44
4954.53
4954.63
4954.73
4954.82
4954.92
4955.02
4955.12
4955.21
4955.31
4955.41
4955.5
4955.6
4955.7
4955.79
4955.89
4955.99
4956.09
4956.18
4956.28
4956.38
4956.47
4956.57
4956.67
4956.76
4956.86
4956.96
4957.05
4957.15
4957.25
4957.34
4957.44
4957.54
4957.64
4957.73
4957.83
4957.93
4958.02
4958.12
4958.22
4958.31
4958.41
4958.51
4958.6
4958.7
4958.8
4958.89
4958.99
4959.09
4959.18
4959.28
4959.37
4959.47
4959.57
4959.66
4959.76
4959.86
4959.95
4960.05
4960.15
4960.24
4960.34
4960.44
4960.53
4960.63
4960.73
4960.82
4960.92
4961.01
4961.11
4961.21
4961.3
4961.4
4961.5
4961.59
4961.69
4961.78
4961.88
4961.98
4962.07
4962.17
4962.27
4962.36
4962.46
4962.55
4962.65
4962.75
4962.84
4962.94
4963.03
4963.13
4963.23
4963.32
4963.42
4963.51
4963.61
4963.71
4963.8
4963.9
4963.99
4964.09
4964.19
4964.28
4964.38
4964.47
4964.57
4964.66
4964.76
4964.86
4964.95
4965.05
4965.14
4965.24
4965.33
4965.43
4965.53
4965.62
4965.72
4965.81
4965.91
4966
4966.1
4966.2
4966.29
4966.39
4966.48
4966.58
4966.67
4966.77
4966.86
4966.96
4967.05
4967.15
4967.25
4967.34
4967.44
4967.53
4967.63
4967.72
4967.82
4967.91
4968.01
4968.1
4968.2
4968.29
4968.39
4968.48
4968.58
4968.67
4968.77
4968.87
4968.96
4969.06
4969.15
4969.25
4969.34
4969.44
4969.53
4969.63
4969.72
4969.82
4969.91
4970.01
4970.1
4970.2
4970.29
4970.39
4970.48
4970.57
4970.67
4970.76
4970.86
4970.95
4971.05
4971.14
4971.24
4971.33
4971.43
4971.52
4971.62
4971.71
4971.81
4971.9
4972
4972.09
4972.18
4972.28
4972.37
4972.47
4972.56
4972.66
4972.75
4972.85
4972.94
4973.04
4973.13
4973.22
4973.32
4973.41
4973.51
4973.6
4973.7
4973.79
4973.88
4973.98
4974.07
4974.17
4974.26
4974.35
4974.45
4974.54
4974.64
4974.73
4974.83
4974.92
4975.01
4975.11
4975.2
4975.3
4975.39
4975.48
4975.58
4975.67
4975.77
4975.86
4975.95
4976.05
4976.14
4976.23
4976.33
4976.42
4976.52
4976.61
4976.7
4976.8
4976.89
4976.98
4977.08
4977.17
4977.27
4977.36
4977.45
4977.55
4977.64
4977.73
4977.83
4977.92
4978.01
4978.11
4978.2
4978.29
4978.39
4978.48
4978.57
4978.67
4978.76
4978.85
4978.95
4979.04
4979.13
4979.23
4979.32
4979.41
4979.51
4979.6
4979.69
4979.79
4979.88
4979.97
4980.06
4980.16
4980.25
4980.34
4980.44
4980.53
4980.62
4980.72
4980.81
4980.9
4980.99
4981.09
4981.18
4981.27
4981.37
4981.46
4981.55
4981.64
4981.74
4981.83
4981.92
4982.01
4982.11
4982.2
4982.29
4982.38
4982.48
4982.57
4982.66
4982.75
4982.85
4982.94
4983.03
4983.12
4983.22
4983.31
4983.4
4983.49
4983.59
4983.68
4983.77
4983.86
4983.95
4984.05
4984.14
4984.23
4984.32
4984.42
4984.51
4984.6
4984.69
4984.78
4984.88
4984.97
4985.06
4985.15
4985.24
4985.34
4985.43
4985.52
4985.61
4985.7
4985.79
4985.89
4985.98
4986.07
4986.16
4986.25
4986.35
4986.44
4986.53
4986.62
4986.71
4986.8
4986.89
4986.99
4987.08
4987.17
4987.26
4987.35
4987.44
4987.53
4987.63
4987.72
4987.81
4987.9
4987.99
4988.08
4988.17
4988.27
4988.36
4988.45
4988.54
4988.63
4988.72
4988.81
4988.9
4988.99
4989.09
4989.18
4989.27
4989.36
4989.45
4989.54
4989.63
4989.72
4989.81
4989.9
4989.99
4990.08
4990.18
4990.27
4990.36
4990.45
4990.54
4990.63
4990.72
4990.81
4990.9
4990.99
4991.08
4991.17
4991.26
4991.35
4991.44
4991.53
4991.62
4991.72
4991.81
4991.9
4991.99
4992.08
4992.17
4992.26
4992.35
4992.44
4992.53
4992.62
4992.71
4992.8
4992.89
4992.98
4993.07
4993.16
4993.25
4993.34
4993.43
4993.52
4993.61
4993.7
4993.79
4993.88
4993.97
4994.06
4994.15
4994.24
4994.33
4994.42
4994.51
4994.6
4994.68
4994.77
4994.86
4994.95
4995.04
4995.13
4995.22
4995.31
4995.4
4995.49
4995.58
4995.67
4995.76
4995.85
4995.94
4996.03
4996.12
4996.2
4996.29
4996.38
4996.47
4996.56
4996.65
4996.74
4996.83
4996.92
4997.01
4997.1
4997.18
4997.27
4997.36
4997.45
4997.54
4997.63
4997.72
4997.81
4997.89
4997.98
4998.07
4998.16
4998.25
4998.34
4998.43
4998.52
4998.6
4998.69
4998.78
4998.87
4998.96
4999.05
4999.13
4999.22
4999.31
4999.4
4999.49
4999.58
4999.66
4999.75
4999.84
4999.93
5000.02
5000.11
5000.19
5000.28
5000.37
5000.46
5000.55
5000.63
5000.72
5000.81
5000.9
5000.99
5001.07
5001.16
5001.25
5001.34
5001.42
5001.51
5001.6
5001.69
5001.78
5001.86
5001.95
5002.04
5002.13
5002.21
5002.3
5002.39
5002.48
5002.56
5002.65
5002.74
5002.83
5002.91
5003
5003.09
5003.17
5003.26
5003.35
5003.44
5003.52
5003.61
5003.7
5003.78
5003.87
5003.96
5004.05
5004.13
5004.22
5004.31
5004.39
5004.48
5004.57
5004.65
5004.74
5004.83
5004.91
5005
5005.09
5005.17
5005.26
5005.35
5005.43
5005.52
5005.61
5005.69
5005.78
5005.87
5005.95
5006.04
5006.13
5006.21
5006.3
5006.38
5006.47
5006.56
5006.64
5006.73
5006.82
5006.9
5006.99
5007.07
5007.16
5007.25
5007.33
5007.42
5007.5
5007.59
5007.68
5007.76
5007.85
5007.93
5008.02
5008.1
5008.19
5008.28
5008.36
5008.45
5008.53
5008.62
5008.7
5008.79
5008.87
5008.96
5009.05
5009.13
5009.22
5009.3
5009.39
5009.47
5009.56
5009.64
5009.73
5009.81
5009.9
5009.98
5010.07
5010.15
5010.24
5010.32
5010.41
5010.49
5010.58
5010.66
5010.75
5010.83
5010.92
5011
5011.09
5011.17
5011.26
5011.34
5011.43
5011.51
5011.6
5011.68
5011.77
5011.85
5011.93
5012.02
5012.1
5012.19
5012.27
5012.36
5012.44
5012.53
5012.61
5012.69
5012.78
5012.86
5012.95
5013.03
5013.11
5013.2
5013.28
5013.37
5013.45
5013.53
5013.62
5013.7
5013.79
5013.87
5013.95
5014.04
5014.12
5014.21
5014.29
5014.37
5014.46
5014.54
5014.62
5014.71
5014.79
5014.87
5014.96
5015.04
5015.12
5015.21
5015.29
5015.37
5015.46
5015.54
5015.62
5015.71
5015.79
5015.87
5015.96
5016.04
5016.12
5016.21
5016.29
5016.37
5016.46
5016.54
5016.62
5016.7
5016.79
5016.87
5016.95
5017.04
5017.12
5017.2
5017.28
5017.37
5017.45
5017.53
5017.61
5017.7
5017.78
5017.86
5017.94
5018.03
5018.11
5018.19
5018.27
5018.36
5018.44
5018.52
5018.6
5018.68
5018.77
5018.85
5018.93
5019.01
5019.1
5019.18
5019.26
5019.34
5019.42
5019.5
5019.59
5019.67
5019.75
5019.83
5019.91
5020
5020.08
5020.16
5020.24
5020.32
5020.4
5020.49
5020.57
5020.65
5020.73
5020.81
5020.89
5020.97
5021.05
5021.14
5021.22
5021.3
5021.38
5021.46
5021.54
5021.62
5021.7
5021.79
5021.87
5021.95
5022.03
5022.11
5022.19
5022.27
5022.35
5022.43
5022.51
5022.59
5022.67
5022.76
5022.84
5022.92
5023
5023.08
5023.16
5023.24
5023.32
5023.4
5023.48
5023.56
5023.64
5023.72
5023.8
5023.88
5023.96
5024.04
5024.12
5024.2
5024.28
5024.36
5024.44
5024.52
5024.6
5024.68
5024.76
5024.84
5024.92
5025
5025.08
5025.16
5025.24
5025.32
5025.4
5025.48
5025.56
5025.64
5025.72
5025.8
5025.88
5025.96
5026.04
5026.12
5026.2
5026.28
5026.35
5026.43
5026.51
5026.59
5026.67
5026.75
5026.83
5026.91
5026.99
5027.07
5027.15
5027.22
5027.3
5027.38
5027.46
5027.54
5027.62
5027.7
5027.78
5027.86
5027.93
5028.01
5028.09
5028.17
5028.25
5028.33
5028.41
5028.48
5028.56
5028.64
5028.72
5028.8
5028.88
5028.95
5029.03
5029.11
5029.19
5029.27
5029.34
5029.42
5029.5
5029.58
5029.66
5029.73
5029.81
5029.89
5029.97
5030.05
5030.12
5030.2
5030.28
5030.36
5030.44
5030.51
5030.59
5030.67
5030.75
5030.82
5030.9
5030.98
5031.06
5031.13
5031.21
5031.29
5031.36
5031.44
5031.52
5031.6
5031.67
5031.75
5031.83
5031.9
5031.98
5032.06
5032.14
5032.21
5032.29
5032.37
5032.44
5032.52
5032.6
5032.67
5032.75
5032.83
5032.9
5032.98
5033.06
5033.13
5033.21
5033.29
5033.36
5033.44
5033.52
5033.59
5033.67
5033.74
5033.82
5033.9
5033.97
5034.05
5034.13
5034.2
5034.28
5034.35
5034.43
5034.51
5034.58
5034.66
5034.73
5034.81
5034.88
5034.96
5035.04
5035.11
5035.19
5035.26
5035.34
5035.41
5035.49
5035.57
5035.64
5035.72
5035.79
5035.87
5035.94
5036.02
5036.09
5036.17
5036.24
5036.32
5036.39
5036.47
5036.54
5036.62
5036.69
5036.77
5036.84
5036.92
5036.99
5037.07
5037.14
5037.22
5037.29
5037.37
5037.44
5037.52
5037.59
5037.67
5037.74
5037.82
5037.89
5037.96
5038.04
5038.11
5038.19
5038.26
5038.34
5038.41
5038.48
5038.56
5038.63
5038.71
5038.78
5038.85
5038.93
5039
5039.08
5039.15
5039.22
5039.3
5039.37
5039.45
5039.52
5039.59
5039.67
5039.74
5039.81
5039.89
5039.96
5040.04
5040.11
5040.18
5040.26
5040.33
5040.4
5040.48
5040.55
5040.62
5040.7
5040.77
5040.84
5040.91
5040.99
5041.06
5041.13
5041.21
5041.28
5041.35
5041.43
5041.5
5041.57
5041.64
5041.72
5041.79
5041.86
5041.93
5042.01
5042.08
5042.15
5042.23
5042.3
5042.37
5042.44
5042.51
5042.59
5042.66
5042.73
5042.8
5042.88
5042.95
5043.02
5043.09
5043.16
5043.24
5043.31
5043.38
5043.45
5043.52
5043.6
5043.67
5043.74
5043.81
5043.88
5043.96
5044.03
5044.1
5044.17
5044.24
5044.31
5044.38
5044.46
5044.53
5044.6
5044.67
5044.74
5044.81
5044.88
5044.96
5045.03
5045.1
5045.17
5045.24
5045.31
5045.38
5045.45
5045.52
5045.59
5045.67
5045.74
5045.81
5045.88
5045.95
5046.02
5046.09
5046.16
5046.23
5046.3
5046.37
5046.44
5046.51
5046.58
5046.65
5046.72
5046.8
5046.87
5046.94
5047.01
5047.08
5047.15
5047.22
5047.29
5047.36
5047.43
5047.5
5047.57
5047.64
5047.71
5047.78
5047.85
5047.92
5047.99
5048.06
5048.12
5048.19
5048.26
5048.33
5048.4
5048.47
5048.54
5048.61
5048.68
5048.75
5048.82
5048.89
5048.96
5049.03
5049.1
5049.17
5049.24
5049.3
5049.37
5049.44
5049.51
5049.58
5049.65
5049.72
5049.79
5049.86
5049.92
5049.99
5050.06
5050.13
5050.2
5050.27
5050.34
5050.41
5050.47
5050.54
5050.61
5050.68
5050.75
5050.82
5050.88
5050.95
5051.02
5051.09
5051.16
5051.22
5051.29
5051.36
5051.43
5051.5
5051.56
5051.63
5051.7
5051.77
5051.84
5051.9
5051.97
5052.04
5052.11
5052.17
5052.24
5052.31
5052.38
5052.45
5052.51
5052.58
5052.65
5052.71
5052.78
5052.85
5052.92
5052.98
5053.05
5053.12
5053.19
5053.25
5053.32
5053.39
5053.45
5053.52
5053.59
5053.65
5053.72
5053.79
5053.85
5053.92
5053.99
5054.05
5054.12
5054.19
5054.25
5054.32
5054.39
5054.45
5054.52
5054.59
5054.65
5054.72
5054.79
5054.85
5054.92
5054.98
5055.05
5055.12
5055.18
5055.25
5055.31
5055.38
5055.45
5055.51
5055.58
5055.64
5055.71
5055.78
5055.84
5055.91
5055.97
5056.04
5056.1
5056.17
5056.24
5056.3
5056.37
5056.43
5056.5
5056.56
5056.63
5056.69
5056.76
5056.82
5056.89
5056.95
5057.02
5057.08
5057.15
5057.21
5057.28
5057.34
5057.41
5057.47
5057.54
5057.6
5057.67
5057.73
5057.8
5057.86
5057.93
5057.99
5058.06
5058.12
5058.18
5058.25
5058.31
5058.38
5058.44
5058.51
5058.57
5058.63
5058.7
5058.76
5058.83
5058.89
5058.96
5059.02
5059.08
5059.15
5059.21
5059.27
5059.34
5059.4
5059.47
5059.53
5059.59
5059.66
5059.72
5059.78
5059.85
5059.91
5059.98
5060.04
5060.1
5060.17
5060.23
5060.29
5060.36
5060.42
5060.48
5060.54
5060.61
5060.67
5060.73
5060.8
5060.86
5060.92
5060.99
5061.05
5061.11
5061.17
5061.24
5061.3
5061.36
5061.43
5061.49
5061.55
5061.61
5061.68
5061.74
5061.8
5061.86
5061.93
5061.99
5062.05
5062.11
5062.18
5062.24
5062.3
5062.36
5062.42
5062.49
5062.55
5062.61
5062.67
5062.73
5062.8
5062.86
5062.92
5062.98
5063.04
5063.1
5063.17
5063.23
5063.29
5063.35
5063.41
5063.47
5063.54
5063.6
5063.66
5063.72
5063.78
5063.84
5063.9
5063.97
5064.03
5064.09
5064.15
5064.21
5064.27
5064.33
5064.39
5064.45
5064.52
5064.58
5064.64
5064.7
5064.76
5064.82
5064.88
5064.94
5065
5065.06
5065.12
5065.18
5065.24
5065.3
5065.36
5065.43
5065.49
5065.55
5065.61
5065.67
5065.73
5065.79
5065.85
5065.91
5065.97
5066.03
5066.09
5066.15
5066.21
5066.27
5066.33
5066.39
5066.45
5066.51
5066.57
5066.63
5066.69
5066.75
5066.81
5066.86
5066.92
5066.98
5067.04
5067.1
5067.16
5067.22
5067.28
5067.34
5067.4
5067.46
5067.52
5067.58
5067.64
5067.7
5067.75
5067.81
5067.87
5067.93
5067.99
5068.05
5068.11
5068.17
5068.23
5068.28
5068.34
5068.4
5068.46
5068.52
5068.58
5068.64
5068.69
5068.75
5068.81
5068.87
5068.93
5068.99
5069.05
5069.1
5069.16
5069.22
5069.28
5069.34
5069.39
5069.45
5069.51
5069.57
5069.63
5069.68
5069.74
5069.8
5069.86
5069.92
5069.97
5070.03
5070.09
5070.15
5070.2
5070.26
5070.32
5070.38
5070.43
5070.49
5070.55
5070.61
5070.66
5070.72
5070.78
5070.84
5070.89
5070.95
5071.01
5071.06
5071.12
5071.18
5071.24
5071.29
5071.35
5071.41
5071.46
5071.52
5071.58
5071.63
5071.69
5071.75
5071.8
5071.86
5071.92
5071.97
5072.03
5072.09
5072.14
5072.2
5072.26
5072.31
5072.37
5072.42
5072.48
5072.54
5072.59
5072.65
5072.71
5072.76
5072.82
5072.87
5072.93
5072.99
5073.04
5073.1
5073.15
5073.21
5073.27
5073.32
5073.38
5073.43
5073.49
5073.54
5073.6
5073.65
5073.71
5073.77
5073.82
5073.88
5073.93
5073.99
5074.04
5074.1
5074.15
5074.21
5074.26
5074.32
5074.37
5074.43
5074.48
5074.54
5074.59
5074.65
5074.7
5074.76
5074.81
5074.87
5074.92
5074.98
5075.03
5075.09
5075.14
5075.2
5075.25
5075.31
5075.36
5075.41
5075.47
5075.52
5075.58
5075.63
5075.69
5075.74
5075.8
5075.85
5075.9
5075.96
5076.01
5076.07
5076.12
5076.17
5076.23
5076.28
5076.34
5076.39
5076.44
5076.5
5076.55
5076.61
5076.66
5076.71
5076.77
5076.82
5076.87
5076.93
5076.98
5077.03
5077.09
5077.14
5077.19
5077.25
5077.3
5077.35
5077.41
5077.46
5077.51
5077.57
5077.62
5077.67
5077.73
5077.78
5077.83
5077.89
5077.94
5077.99
5078.04
5078.1
5078.15
5078.2
5078.26
5078.31
5078.36
5078.41
5078.47
5078.52
5078.57
5078.62
5078.68
5078.73
5078.78
5078.83
5078.89
5078.94
5078.99
5079.04
5079.09
5079.15
5079.2
5079.25
5079.3
5079.36
5079.41
5079.46
5079.51
5079.56
5079.62
5079.67
5079.72
5079.77
5079.82
5079.87
5079.93
5079.98
5080.03
5080.08
5080.13
5080.18
5080.24
5080.29
5080.34
5080.39
5080.44
5080.49
5080.54
5080.59
5080.65
5080.7
5080.75
5080.8
5080.85
5080.9
5080.95
5081
5081.06
5081.11
5081.16
5081.21
5081.26
5081.31
5081.36
5081.41
5081.46
5081.51
5081.56
5081.61
5081.66
5081.72
5081.77
5081.82
5081.87
5081.92
5081.97
5082.02
5082.07
5082.12
5082.17
5082.22
5082.27
5082.32
5082.37
5082.42
5082.47
5082.52
5082.57
5082.62
5082.67
5082.72
5082.77
5082.82
5082.87
5082.92
5082.97
5083.02
5083.07
5083.12
5083.17
5083.22
5083.27
5083.32
5083.37
5083.42
5083.47
5083.52
5083.56
5083.61
5083.66
5083.71
5083.76
5083.81
5083.86
5083.91
5083.96
5084.01
5084.06
5084.11
5084.16
5084.2
5084.25
5084.3
5084.35
5084.4
5084.45
5084.5
5084.55
5084.6
5084.64
5084.69
5084.74
5084.79
5084.84
5084.89
5084.94
5084.98
5085.03
5085.08
5085.13
5085.18
5085.23
5085.27
5085.32
5085.37
5085.42
5085.47
5085.52
5085.56
5085.61
5085.66
5085.71
5085.76
5085.8
5085.85
5085.9
5085.95
5086
5086.04
5086.09
5086.14
5086.19
5086.24
5086.28
5086.33
5086.38
5086.43
5086.47
5086.52
5086.57
5086.62
5086.66
5086.71
5086.76
5086.81
5086.85
5086.9
5086.95
5086.99
5087.04
5087.09
5087.14
5087.18
5087.23
5087.28
5087.32
5087.37
5087.42
5087.47
5087.51
5087.56
5087.61
5087.65
5087.7
5087.75
5087.79
5087.84
5087.89
5087.93
5087.98
5088.03
5088.07
5088.12
5088.17
5088.21
5088.26
5088.31
5088.35
5088.4
5088.44
5088.49
5088.54
5088.58
5088.63
5088.68
5088.72
5088.77
5088.81
5088.86
5088.91
5088.95
5089
5089.04
5089.09
5089.14
5089.18
5089.23
5089.27
5089.32
5089.37
5089.41
5089.46
5089.5
5089.55
5089.59
5089.64
5089.68
5089.73
5089.78
5089.82
5089.87
5089.91
5089.96
5090
5090.05
5090.09
5090.14
5090.18
5090.23
5090.27
5090.32
5090.36
5090.41
5090.45
5090.5
5090.54
5090.59
5090.63
5090.68
5090.72
5090.77
5090.81
5090.86
5090.9
5090.95
5090.99
5091.04
5091.08
5091.13
5091.17
5091.22
5091.26
5091.3
5091.35
5091.39
5091.44
5091.48
5091.53
5091.57
5091.62
5091.66
5091.7
5091.75
5091.79
5091.84
5091.88
5091.92
5091.97
5092.01
5092.06
5092.1
5092.14
5092.19
5092.23
5092.28
5092.32
5092.36
5092.41
5092.45
5092.5
5092.54
5092.58
5092.63
5092.67
5092.71
5092.76
5092.8
5092.84
5092.89
5092.93
5092.98
5093.02
5093.06
5093.11
5093.15
5093.19
5093.24
5093.28
5093.32
5093.36
5093.41
5093.45
5093.49
5093.54
5093.58
5093.62
5093.67
5093.71
5093.75
5093.8
5093.84
5093.88
5093.92
5093.97
5094.01
5094.05
5094.09
5094.14
5094.18
5094.22
5094.27
5094.31
5094.35
5094.39
5094.44
5094.48
5094.52
5094.56
5094.61
5094.65
5094.69
5094.73
5094.77
5094.82
5094.86
5094.9
5094.94
5094.99
5095.03
5095.07
5095.11
5095.15
5095.2
5095.24
5095.28
5095.32
5095.36
5095.41
5095.45
5095.49
5095.53
5095.57
5095.61
5095.66
5095.7
5095.74
5095.78
5095.82
5095.86
5095.91
5095.95
5095.99
5096.03
5096.07
5096.11
5096.16
5096.2
5096.24
5096.28
5096.32
5096.36
5096.4
5096.44
5096.49
5096.53
5096.57
5096.61
5096.65
5096.69
5096.73
5096.77
5096.81
5096.86
5096.9
5096.94
5096.98
5097.02
5097.06
5097.1
5097.14
5097.18
5097.22
5097.26
5097.3
5097.34
5097.39
5097.43
5097.47
5097.51
5097.55
5097.59
5097.63
5097.67
5097.71
5097.75
5097.79
5097.83
5097.87
5097.91
5097.95
5097.99
5098.03
5098.07
5098.11
5098.15
5098.19
5098.23
5098.27
5098.31
5098.35
5098.39
5098.43
5098.47
5098.51
5098.55
5098.59
5098.63
5098.67
5098.71
5098.75
5098.79
5098.83
5098.87
5098.91
5098.95
5098.99
5099.03
5099.07
5099.11
5099.15
5099.19
5099.23
5099.27
5099.3
5099.34
5099.38
5099.42
5099.46
5099.5
5099.54
5099.58
5099.62
5099.66
5099.7
5099.74
5099.78
5099.81
5099.85
5099.89
5099.93
5099.97
5100.01
5100.05
5100.09
5100.13
5100.17
5100.2
5100.24
5100.28
5100.32
5100.36
5100.4
5100.44
5100.48
5100.51
5100.55
5100.59
5100.63
5100.67
5100.71
5100.75
5100.78
5100.82
5100.86
5100.9
5100.94
5100.98
5101.01
5101.05
5101.09
5101.13
5101.17
5101.21
5101.24
5101.28
5101.32
5101.36
5101.4
5101.43
5101.47
5101.51
5101.55
5101.59
5101.62
5101.66
5101.7
5101.74
5101.78
5101.81
5101.85
5101.89
5101.93
5101.96
5102
5102.04
5102.08
5102.11
5102.15
5102.19
5102.23
5102.26
5102.3
5102.34
5102.38
5102.41
5102.45
5102.49
5102.53
5102.56
5102.6
5102.64
5102.68
5102.71
5102.75
5102.79
5102.82
5102.86
5102.9
5102.94
5102.97
5103.01
5103.05
5103.08
5103.12
5103.16
5103.2
5103.23
5103.27
5103.31
5103.34
5103.38
5103.42
5103.45
5103.49
5103.53
5103.56
5103.6
5103.64
5103.67
5103.71
5103.75
5103.78
5103.82
5103.86
5103.89
5103.93
5103.97
5104
5104.04
5104.07
5104.11
5104.15
5104.18
5104.22
5104.26
5104.29
5104.33
5104.36
5104.4
5104.44
5104.47
5104.51
5104.55
5104.58
5104.62
5104.65
5104.69
5104.73
5104.76
5104.8
5104.83
5104.87
5104.9
5104.94
5104.98
5105.01
5105.05
5105.08
5105.12
5105.16
5105.19
5105.23
5105.26
5105.3
5105.33
5105.37
5105.4
5105.44
5105.48
5105.51
5105.55
5105.58
5105.62
5105.65
5105.69
5105.72
5105.76
5105.79
5105.83
5105.86
5105.9
5105.93
5105.97
5106.01
5106.04
5106.08
5106.11
5106.15
5106.18
5106.22
5106.25
5106.29
5106.32
5106.36
5106.39
5106.43
5106.46
5106.5
5106.53
5106.56
5106.6
5106.63
5106.67
5106.7
5106.74
5106.77
5106.81
5106.84
5106.88
5106.91
5106.95
5106.98
5107.02
5107.05
5107.08
5107.12
5107.15
5107.19
5107.22
5107.26
5107.29
5107.33
5107.36
5107.39
5107.43
5107.46
5107.5
5107.53
5107.56
5107.6
5107.63
5107.67
5107.7
5107.74
5107.77
5107.8
5107.84
5107.87
5107.91
5107.94
5107.97
5108.01
5108.04
5108.08
5108.11
5108.14
5108.18
5108.21
5108.24
5108.28
5108.31
5108.35
5108.38
5108.41
5108.45
5108.48
5108.51
5108.55
5108.58
5108.61
5108.65
5108.68
5108.71
5108.75
5108.78
5108.81
5108.85
5108.88
5108.91
5108.95
5108.98
5109.01
5109.05
5109.08
5109.11
5109.15
5109.18
5109.21
5109.25
5109.28
5109.31
5109.35
5109.38
5109.41
5109.45
5109.48
5109.51
5109.54
5109.58
5109.61
5109.64
5109.68
5109.71
5109.74
5109.77
5109.81
5109.84
5109.87
5109.91
5109.94
5109.97
5110
5110.04
5110.07
5110.1
5110.13
5110.17
5110.2
5110.23
5110.26
5110.3
5110.33
5110.36
5110.39
5110.43
5110.46
5110.49
5110.52
5110.56
5110.59
5110.62
5110.65
5110.68
5110.72
5110.75
5110.78
5110.81
5110.85
5110.88
5110.91
5110.94
5110.97
5111.01
5111.04
5111.07
5111.1
5111.13
5111.17
5111.2
5111.23
5111.26
5111.29
5111.33
5111.36
5111.39
5111.42
5111.45
5111.48
5111.52
5111.55
5111.58
5111.61
5111.64
5111.67
5111.71
5111.74
5111.77
5111.8
5111.83
5111.86
5111.9
5111.93
5111.96
5111.99
5112.02
5112.05
5112.08
5112.12
5112.15
5112.18
5112.21
5112.24
5112.27
5112.3
5112.33
5112.37
5112.4
5112.43
5112.46
5112.49
5112.52
5112.55
5112.58
5112.61
5112.65
5112.68
5112.71
5112.74
5112.77
5112.8
5112.83
5112.86
5112.89
5112.92
5112.95
5112.99
5113.02
5113.05
5113.08
5113.11
5113.14
5113.17
5113.2
5113.23
5113.26
5113.29
5113.32
5113.35
5113.38
5113.42
5113.45
5113.48
5113.51
5113.54
5113.57
5113.6
5113.63
5113.66
5113.69
5113.72
5113.75
5113.78
5113.81
5113.84
5113.87
5113.9
5113.93
5113.96
5113.99
5114.02
5114.05
5114.08
5114.11
5114.14
5114.17
5114.2
5114.23
5114.26
5114.29
5114.32
5114.35
5114.38
5114.41
5114.44
5114.47
5114.5
5114.53
5114.56
5114.59
5114.62
5114.65
5114.68
5114.71
5114.74
5114.77
5114.8
5114.83
5114.86
5114.89
5114.92
5114.95
5114.98
5115.01
5115.04
5115.07
5115.1
5115.13
5115.16
5115.19
5115.22
5115.24
5115.27
5115.3
5115.33
5115.36
5115.39
5115.42
5115.45
5115.48
5115.51
5115.54
5115.57
5115.6
5115.63
5115.66
5115.68
5115.71
5115.74
5115.77
5115.8
5115.83
5115.86
5115.89
5115.92
5115.95
5115.98
5116
5116.03
5116.06
5116.09
5116.12
5116.15
5116.18
5116.21
5116.24
5116.26
5116.29
5116.32
5116.35
5116.38
5116.41
5116.44
5116.47
5116.49
5116.52
5116.55
5116.58
5116.61
5116.64
5116.67
5116.69
5116.72
5116.75
5116.78
5116.81
5116.84
5116.87
5116.89
5116.92
5116.95
5116.98
5117.01
5117.04
5117.06
5117.09
5117.12
5117.15
5117.18
5117.21
5117.23
5117.26
5117.29
5117.32
5117.35
5117.37
5117.4
5117.43
5117.46
5117.49
5117.52
5117.54
5117.57
5117.6
5117.63
5117.66
5117.68
5117.71
5117.74
5117.77
5117.8
5117.82
5117.85
5117.88
5117.91
5117.93
5117.96
5117.99
5118.02
5118.05
5118.07
5118.1
5118.13
5118.16
5118.18
5118.21
5118.24
5118.27
5118.29
5118.32
5118.35
5118.38
5118.4
5118.43
5118.46
5118.49
5118.51
5118.54
5118.57
5118.6
5118.62
5118.65
5118.68
5118.71
5118.73
5118.76
5118.79
5118.82
5118.84
5118.87
5118.9
5118.92
5118.95
5118.98
5119.01
5119.03
5119.06
5119.09
5119.11
5119.14
5119.17
5119.2
5119.22
5119.25
5119.28
5119.3
5119.33
5119.36
5119.39
5119.41
5119.44
5119.47
5119.49
5119.52
5119.55
5119.57
5119.6
5119.63
5119.65
5119.68
5119.71
5119.73
5119.76
5119.79
5119.81
5119.84
5119.87
5119.89
5119.92
5119.95
5119.97
5120
5120.03
5120.05
5120.08
5120.11
5120.13
5120.16
5120.19
5120.21
5120.24
5120.27
5120.29
5120.32
5120.34
5120.37
5120.4
5120.42
5120.45
5120.48
5120.5
5120.53
5120.56
5120.58
5120.61
5120.63
5120.66
5120.69
5120.71
5120.74
5120.76
5120.79
5120.82
5120.84
5120.87
5120.9
5120.92
5120.95
5120.97
5121
5121.03
5121.05
5121.08
5121.1
5121.13
5121.15
5121.18
5121.21
5121.23
5121.26
5121.28
5121.31
5121.34
5121.36
5121.39
5121.41
5121.44
5121.46
5121.49
5121.52
5121.54
5121.57
5121.59
5121.62
5121.64
5121.67
5121.7
5121.72
5121.75
5121.77
5121.8
5121.82
5121.85
5121.87
5121.9
5121.92
5121.95
5121.98
5122
5122.03
5122.05
5122.08
5122.1
5122.13
5122.15
5122.18
5122.2
5122.23
5122.25
5122.28
5122.3
5122.33
5122.35
5122.38
5122.41
5122.43
5122.46
5122.48
5122.51
5122.53
5122.56
5122.58
5122.61
5122.63
5122.66
5122.68
5122.71
5122.73
5122.76
5122.78
5122.81
5122.83
5122.86
5122.88
5122.91
5122.93
5122.95
5122.98
5123
5123.03
5123.05
5123.08
5123.1
5123.13
5123.15
5123.18
5123.2
5123.23
5123.25
5123.28
5123.3
5123.33
5123.35
5123.37
5123.4
5123.42
5123.45
5123.47
5123.5
5123.52
5123.55
5123.57
5123.6
5123.62
5123.64
5123.67
5123.69
5123.72
5123.74
5123.77
5123.79
5123.82
5123.84
5123.86
5123.89
5123.91
5123.94
5123.96
5123.98
5124.01
5124.03
5124.06
5124.08
5124.11
5124.13
5124.15
5124.18
5124.2
5124.23
5124.25
5124.27
5124.3
5124.32
5124.35
5124.37
5124.39
5124.42
5124.44
5124.47
5124.49
5124.51
5124.54
5124.56
5124.59
5124.61
5124.63
5124.66
5124.68
5124.71
5124.73
5124.75
5124.78
5124.8
5124.82
5124.85
5124.87
5124.9
5124.92
5124.94
5124.97
5124.99
5125.01
5125.04
5125.06
5125.08
5125.11
5125.13
5125.16
5125.18
5125.2
5125.23
5125.25
5125.27
5125.3
5125.32
5125.34
5125.37
5125.39
5125.41
5125.44
