79.6103
70.2864
68.156
47.9416
39.9736
57.8653
75.3687
159.459
229.69
171.446
170.19
199.058
225.55
250.733
238.249
240.905
276.329
350.054
341.227
231.078
194.346
158.949
126.818
83.0338
70.7275
61.6077
57.795
37.0111
29.0026
46.3019
67.9956
143.382
210.412
169.129
145.824
190.012
221.153
247.84
245.142
249.371
288.897
392.563
359.094
218.877
209.556
174.825
133.68
101.635
78.4993
67.4099
62.8674
42.4456
34.7313
50.7296
76.0937
154.632
213.355
163.811
170.216
193.965
231.025
222.82
221.133
230.099
260.768
349.566
323.068
203.118
173.889
158.949
128.535
86.0662
70.7565
59.4773
51.9762
30.5368
20.501
39.5084
58.8576
155.847
221.707
173.538
154.343
170.635
199.073
236.028
238.592
241.456
280.648
351.89
335.266
227.378
173.426
148.515
105.146
75.5963
59.1809
49.9404
39.6168
19.9445
16.9288
31.2371
59.175
170.954
255.853
184.191
165.194
177.546
234.413
241.069
251.345
253.35
334.622
382.08
371.222
276.092
217.619
171.041
136.927
99.2465
79.816
36.205
28.7161
16.6589
12.8006
20.1972
75.3569
239.471
359.016
209.025
193.527
214.469
226.006
209.18
213.213
232.751
267.134
396.53
369.775
263.296
204.47
159.352
132.683
92.4498
53.0527
29.2921
19.6403
10.2327
8.21756
13.0241
79.709
222.278
336.463
201.361
183.803
198.2
216.538
196.682
191.694
201.247
245.625
338.042
322.619
170.127
142.491
109.422
69.5917
57.4669
59.3751
56.6203
60.4875
46.8861
42.8259
57.9819
79.7734
161.792
222.121
158.929
153.579
180.364
185.477
183.771
197.1
204.432
222.738
325.612
295.331
191.254
162.532
155.251
113.287
79.8435
73.7502
68.0743
60.4954
37.0111
29.0026
45.6038
67.7697
154.632
216.145
162.025
155.205
172.47
217.373
236.699
228.667
230.099
227.414
328.767
323.364
222.007
154.075
143.618
94.6619
75.5925
63.7813
64.2424
60.5452
39.6969
32.9818
54.7424
76.0937
161.519
236.981
166.378
168.192
188.597
206.43
213.4
209.111
208.452
226.681
319.408
305.477
204.365
176.642
157.759
125.804
92.8149
78.9491
72.3567
73.3036
59.0603
53.1608
63.3964
78.7917
166.118
193.327
158.217
166.312
195.679
206.091
214.26
209.617
211.551
235.39
334.901
278.306
175.266
157.582
152.848
119.626
79.4676
71.6195
66.5367
64.6967
46.0749
38.25
50.8613
68.2248
114.312
169.632
140.053
128.196
169.919
193.215
193.322
197.458
193.978
215.103
322.673
306.823
195.811
178.163
123.274
111.601
77.5242
65.3234
59.2468
58.3488
42.6995
32.1949
45.7585
68.1459
126.791
202.118
164.528
168.846
200.448
223.423
251.957
239.127
242.718
265.813
352.893
328.359
218.607
185.748
166.127
130.949
84.3197
67.9397
60.9842
55.3787
36.5465
25.7753
39.5084
63.1905
171.401
221.707
176.33
173.814
203.571
224.882
217.828
225.655
226.621
256.305
348.012
323.584
225.736
179.64
159.029
125.654
88.3108
70.5771
62.124
50.2934
30.103
24.6728
39.8968
77.6921
182.94
280.969
182.199
189.343
219.315
269.283
288.087
278.656
285.249
302.387
450.3
426.077
320.755
255.499
214.906
187.963
140.599
87.4435
57.0958
40.1781
20.2756
50.58
98.4702
157.634
238.747
317.386
186.295
174.256
200.135
214.361
210.14
206.258
197.913
218.84
330.001
319.192
219.125
188.532
174.805
133.407
103.776
82.7725
74.3509
64.4987
44.7515
36.7696
54.7424
79.9917
176.859
244.709
163.622
156.171
184.718
193.218
180.473
177.711
180.072
201.652
300.328
283.78
160.602
130.726
105.646
89.6833
72.827
68.2624
66.37
70.4025
54.6389
46.5796
61.7178
78.3355
160.58
210.291
154.543
140.996
149.48
169.497
183.771
185.044
197.913
197.57
312.387
304.718
195.736
157.028
140.009
93.035
72.827
68.3802
59.5691
59.8389
42.5768
37.6449
44.0315
64.2715
144.168
187.322
149.569
131.203
149.105
182.793
201.842
214.34
230.099
276.329
368.514
333.487
229.618
214.961
175.072
138.361
108.062
83.3334
73.3975
52.4653
35.5056
36.6719
46.8018
91.8119
216.08
371.471
187.632
193.498
219.315
263.108
264.084
248.726
254.362
296.646
374.342
339.44
235.592
187.949
165.231
134.572
106.041
7.34269
6.26874
5.10947
4.78048
4.43221
4.51864
16.4048
79.4326
166.048
130.384
121.071
125.183
135.263
131.368
133.858
138.97
147.706
206.002
184.349
168.415
125.843
105.687
102.118
67.2942
36.379
10.1354
12.7971
11.8749
3.95665
4.51864
16.4048
76.7009
166.902
127.884
103.69
117.77
141.708
141.728
133.739
141.157
156.426
223.541
196.659
142.921
97.1048
77.1691
47.9242
42.7468
12.9922
6.69522
4.42764
3.50757
3.35741
3.31698
18.0022
89.2477
174.832
128.42
102.056
107.11
125.464
127.984
121.528
115.286
121.421
193.562
168.811
118.022
79.4916
55.6073
42.057
28.4383
6.95651
4.99103
4.14313
3.7022
3.60524
3.95604
11.0667
70.604
157.46
101.15
80.3484
80.8237
103.476
103.608
95.337
94.2853
102.328
179.499
167.694
117.075
83.3684
57.0936
42.6042
28.498
11.2522
4.79668
3.10999
2.99435
3.0256
21.5984
70.2855
143.392
96.1636
61.7842
75.5975
86.5749
95.6734
96.7784
99.5229
114.229
184.774
157.021
115.68
87.7398
56.0351
40.1352
26.6054
14.0662
4.38541
7.24678
5.66798
7.85801
11.721
89.8348
157.47
106.516
81.1312
81.596
106.184
120.612
113.663
111.927
107.356
189.664
167.008
110.269
82.8574
54.9195
39.0317
25.677
9.23789
3.9321
3.21049
3.61808
3.31564
3.48355
10.7289
73.167
159.233
112.059
84.2081
84.1253
93.4491
79.7097
123.188
125.506
150.981
200.12
169.857
105.23
70.3603
55.8815
40.4872
23.9519
7.18253
3.95881
4.11357
3.94298
4.25885
9.9869
79.4608
157.749
106.545
83.7697
87.9544
101.772
101.965
91.9058
93.3576
98.9926
182.008
162.772
120.108
92.5417
61.5262
44.8774
31.9673
11.8675
4.91892
3.45137
3.06093
3.01318
3.22163
17.3974
77.8585
152.31
93.4694
67.0941
67.6054
89.5518
93.2145
94.7308
93.0091
97.7489
172.895
161.439
114.971
78.1524
55.5327
39.5964
27.1473
7.5272
4.0074
3.15686
3.01661
2.96745
3.01893
15.7841
70.7473
153.892
105.785
78.2832
81.7773
106.405
114.143
120.442
124.503
135.366
204.194
167.126
118.275
79.1644
60.443
