33788.4
29366.4
25376.8
22592.1
20789.4
19641.4
18910.9
18442.1
18134.7
17924.5
17769.4
17640.7
17516.6
17378.1
17206.2
16983.5
16703.9
16384.5
16055.1
15729.9
15404.3
15069.3
14718.3
14347.5
13956.7
13548.3
13127
12698.7
12270.1
11847.7
11437.7
11044.9
10672.7
10323.2
9997.29
9695.07
9415.92
9158.76
8922.2
8704.78
8505
8321.43
8152.69
7997.51
7854.7
7723.18
7601.92
7490.03
7386.67
7291.07
7202.59
7120.62
7044.77
6975
6912.35
6860.96
6835.34
6879.13
7139.07
7962.38
10349.8
13661.9
15795
12723
11881.9
9518.78
8670.39
7725.7
7332.23
6993.77
6832.97
6689.5
6608.91
6532.21
6482.46
6432.72
6397.18
6360.39
6332.83
6303.49
6281.52
6257.43
6240.37
6220.78
6208.97
6193.92
6188.47
6178.46
6181.13
6176.73
6189.58
6190.66
6215.02
6219.3
6253.56
6255.02
6292.31
6281.62
6310.43
6279.87
6290.42
6240.48
6231.65
6171.28
6149.81
6089.57
6063.47
6009.82
5984.14
5938.98
5915.78
5878.46
5858.11
5827.19
5809.42
5783.45
5767.83
5745.65
5731.79
5712.5
5700.05
5683
5671.72
5656.42
5646.13
5632.22
5622.76
5610
5601.26
5589.44
5581.35
5570.31
5562.79
5552.42
5545.44
5535.64
5529.14
5519.84
5513.8
5504.92
5499.32
5490.81
5485.62
5477.43
5472.63
5464.71
5460.28
5452.59
5448.51
5441.01
5437.26
5429.91
5426.47
5419.24
5416.08
5408.94
5406.04
5398.95
5396.29
5389.23
5386.78
5379.73
5377.46
5370.4
5368.28
5361.21
5359.21
5352.11
5350.22
5343.1
5341.29
5334.15
5332.39
5325.25
5323.53
5316.4
5314.71
5307.61
5305.93
5298.88
5297.2
5290.21
5288.53
5281.64
5279.95
5273.16
5271.46
5264.8
5263.1
5256.57
5254.86
5248.48
5246.76
5240.54
5238.82
5232.77
5231.05
5225.16
5223.45
5217.73
5216.02
5210.47
5208.77
5203.39
