0.009999
0.009998
0.009997
0.009996
0.009995
0.009994
0.009993
0.009992
0.009991
0.00999
0.00998901
0.00998801
0.00998701
0.00998601
0.00998501
0.00998401
0.00998301
0.00998202
0.00998102
0.00998002
0.00997902
0.00997802
0.00997703
0.00997603
0.00997503
0.00997403
0.00997304
0.00997204
0.00997104
0.00997004
0.00996905
0.00996805
0.00996705
0.00996606
0.00996506
0.00996406
0.00996307
0.00996207
0.00996108
0.00996008
0.00995908
0.00995809
0.00995709
0.0099561
0.0099551
0.00995411
0.00995311
0.00995212
0.00995112
0.00995012
0.00994913
0.00994813
0.00994714
0.00994615
0.00994515
0.00994416
0.00994316
0.00994217
0.00994117
0.00994018
0.00993919
0.00993819
0.0099372
0.0099362
0.00993521
0.00993422
0.00993322
0.00993223
0.00993124
0.00993024
0.00992925
0.00992826
0.00992727
0.00992627
0.00992528
0.00992429
0.0099233
0.0099223
0.00992131
0.00992032
0.00991933
0.00991834
0.00991734
0.00991635
0.00991536
0.00991437
0.00991338
0.00991239
0.00991139
0.0099104
0.00990941
0.00990842
0.00990743
0.00990644
0.00990545
0.00990446
0.00990347
0.00990248
0.00990149
0.0099005
0.00989951
0.00989852
0.00989753
0.00989654
0.00989555
0.00989456
0.00989357
0.00989258
0.00989159
0.0098906
0.00988961
0.00988862
0.00988764
0.00988665
0.00988566
0.00988467
0.00988368
0.00988269
0.00988171
0.00988072
0.00987973
0.00987874
0.00987775
0.00987677
0.00987578
0.00987479
0.0098738
0.00987282
0.00987183
0.00987084
0.00986985
0.00986887
0.00986788
0.00986689
0.00986591
0.00986492
0.00986393
0.00986295
0.00986196
0.00986098
0.00985999
0.009859
0.00985802
0.00985703
0.00985605
0.00985506
0.00985408
0.00985309
0.0098521
0.00985112
0.00985013
0.00984915
0.00984816
0.00984718
0.0098462
0.00984521
0.00984423
0.00984324
0.00984226
0.00984127
0.00984029
0.00983931
0.00983832
0.00983734
0.00983635
0.00983537
0.00983439
0.0098334
0.00983242
0.00983144
0.00983045
0.00982947
0.00982849
0.00982751
0.00982652
0.00982554
0.00982456
0.00982357
0.00982259
0.00982161
0.00982063
0.00981965
0.00981866
0.00981768
0.0098167
0.00981572
0.00981474
0.00981376
0.00981277
0.00981179
0.00981081
0.00980983
0.00980885
0.00980787
0.00980689
0.00980591
0.00980493
0.00980395
0.00980297
0.00980199
0.00980101
0.00980003
0.00979905
0.00979807
0.00979709
0.00979611
0.00979513
0.00979415
0.00979317
0.00979219
0.00979121
0.00979023
0.00978925
0.00978827
0.00978729
0.00978632
0.00978534
0.00978436
0.00978338
0.0097824
0.00978142
0.00978045
0.00977947
0.00977849
0.00977751
0.00977653
0.00977556
0.00977458
0.0097736
0.00977262
0.00977165
0.00977067
0.00976969
0.00976872
0.00976774
0.00976676
0.00976579
0.00976481
0.00976383
0.00976286
0.00976188
0.0097609
0.00975993
0.00975895
0.00975798
0.009757
0.00975603
0.00975505
0.00975407
0.0097531
0.00975212
0.00975115
0.00975017
0.0097492
0.00974822
0.00974725
0.00974627
0.0097453
0.00974433
0.00974335
0.00974238
0.0097414
0.00974043
0.00973945
0.00973848
0.00973751
0.00973653
0.00973556
0.00973459
0.00973361
0.00973264
0.00973167
0.00973069
0.00972972
0.00972875
0.00972777
0.0097268
0.00972583
0.00972486
0.00972388
0.00972291
0.00972194
0.00972097
0.00971999
0.00971902
0.00971805
0.00971708
0.00971611
0.00971514
0.00971416
0.00971319
0.00971222
0.00971125
0.00971028
0.00970931
0.00970834
0.00970737
0.0097064
0.00970543
0.00970446
0.00970348
0.00970251
0.00970154
0.00970057
0.0096996
0.00969863
0.00969766
0.00969669
0.00969573
0.00969476
0.00969379
0.00969282
0.00969185
0.00969088
0.00968991
0.00968894
0.00968797
0.009687
0.00968603
0.00968507
0.0096841
0.00968313
0.00968216
0.00968119
0.00968022
0.00967926
0.00967829
0.00967732
0.00967635
0.00967539
0.00967442
0.00967345
0.00967248
0.00967152
0.00967055
0.00966958
0.00966862
0.00966765
0.00966668
0.00966572
0.00966475
0.00966378
0.00966282
0.00966185
0.00966088
0.00965992
0.00965895
0.00965799
0.00965702
0.00965605
0.00965509
0.00965412
0.00965316
0.00965219
0.00965123
0.00965026
0.0096493
0.00964833
0.00964737
0.0096464
0.00964544
0.00964447
0.00964351
0.00964255
0.00964158
0.00964062
0.00963965
0.00963869
0.00963773
0.00963676
0.0096358
0.00963483
0.00963387
0.00963291
0.00963194
0.00963098
0.00963002
0.00962906
0.00962809
0.00962713
0.00962617
0.0096252
0.00962424
0.00962328
0.00962232
0.00962135
0.00962039
0.00961943
0.00961847
0.00961751
0.00961655
0.00961558
0.00961462
0.00961366
0.0096127
0.00961174
0.00961078
0.00960982
0.00960886
0.00960789
0.00960693
0.00960597
0.00960501
0.00960405
0.00960309
0.00960213
0.00960117
0.00960021
0.00959925
0.00959829
0.00959733
0.00959637
0.00959541
0.00959445
0.00959349
0.00959253
0.00959157
0.00959062
0.00958966
0.0095887
0.00958774
0.00958678
0.00958582
0.00958486
0.0095839
0.00958295
0.00958199
0.00958103
0.00958007
0.00957911
0.00957816
0.0095772
0.00957624
0.00957528
0.00957433
0.00957337
0.00957241
0.00957145
0.0095705
0.00956954
0.00956858
0.00956763
0.00956667
0.00956571
0.00956476
0.0095638
0.00956284
0.00956189
0.00956093
0.00955997
0.00955902
0.00955806
0.00955711
0.00955615
0.0095552
0.00955424
0.00955329
0.00955233
0.00955137
0.00955042
0.00954946
0.00954851
0.00954755
0.0095466
0.00954565
0.00954469
0.00954374
0.00954278
0.00954183
0.00954087
0.00953992
0.00953897
0.00953801
0.00953706
0.0095361
0.00953515
0.0095342
0.00953324
0.00953229
0.00953134
0.00953038
0.00952943
0.00952848
0.00952753
0.00952657
0.00952562
0.00952467
0.00952372
0.00952276
0.00952181
0.00952086
0.00951991
0.00951896
0.009518
0.00951705
0.0095161
0.00951515
0.0095142
0.00951325
0.00951229
0.00951134
0.00951039
0.00950944
0.00950849
0.00950754
0.00950659
0.00950564
0.00950469
0.00950374
0.00950279
0.00950184
0.00950089
0.00949994
0.00949899
0.00949804
0.00949709
0.00949614
0.00949519
0.00949424
0.00949329
0.00949234
0.00949139
0.00949044
0.00948949
0.00948854
0.00948759
0.00948665
0.0094857
0.00948475
0.0094838
0.00948285
0.0094819
0.00948096
0.00948001
0.00947906
0.00947811
0.00947716
0.00947622
0.00947527
0.00947432
0.00947337
0.00947243
0.00947148
0.00947053
0.00946959
0.00946864
0.00946769
0.00946674
0.0094658
0.00946485
0.00946391
0.00946296
0.00946201
0.00946107
0.00946012
0.00945917
0.00945823
0.00945728
0.00945634
0.00945539
0.00945445
0.0094535
0.00945256
0.00945161
0.00945066
0.00944972
0.00944877
0.00944783
0.00944689
0.00944594
0.009445
0.00944405
0.00944311
0.00944216
0.00944122
0.00944027
0.00943933
0.00943839
0.00943744
0.0094365
0.00943556
0.00943461
0.00943367
0.00943273
0.00943178
0.00943084
0.0094299
0.00942895
0.00942801
0.00942707
0.00942613
0.00942518
0.00942424
0.0094233
0.00942236
0.00942141
0.00942047
0.00941953
0.00941859
0.00941765
0.0094167
0.00941576
0.00941482
0.00941388
0.00941294
0.009412
0.00941106
0.00941011
0.00940917
0.00940823
0.00940729
0.00940635
0.00940541
0.00940447
0.00940353
0.00940259
0.00940165
0.00940071
0.00939977
0.00939883
0.00939789
0.00939695
0.00939601
0.00939507
0.00939413
0.00939319
0.00939225
0.00939131
0.00939037
0.00938943
0.0093885
0.00938756
0.00938662
0.00938568
0.00938474
0.0093838
0.00938286
0.00938193
0.00938099
0.00938005
0.00937911
0.00937817
0.00937724
0.0093763
0.00937536
0.00937442
0.00937349
0.00937255
0.00937161
0.00937067
0.00936974
0.0093688
0.00936786
0.00936693
0.00936599
0.00936505
0.00936412
0.00936318
0.00936224
0.00936131
0.00936037
0.00935944
0.0093585
0.00935756
0.00935663
0.00935569
0.00935476
0.00935382
0.00935289
0.00935195
0.00935102
0.00935008
0.00934915
0.00934821
0.00934728
0.00934634
0.00934541
0.00934447
0.00934354
0.0093426
0.00934167
0.00934074
0.0093398
0.00933887
0.00933793
0.009337
0.00933607
0.00933513
0.0093342
0.00933327
0.00933233
0.0093314
0.00933047
0.00932953
0.0093286
0.00932767
0.00932674
0.0093258
0.00932487
0.00932394
0.00932301
0.00932207
0.00932114
0.00932021
0.00931928
0.00931835
0.00931741
0.00931648
0.00931555
0.00931462
0.00931369
0.00931276
0.00931182
0.00931089
0.00930996
0.00930903
0.0093081
0.00930717
0.00930624
0.00930531
0.00930438
0.00930345
0.00930252
0.00930159
0.00930066
0.00929973
0.0092988
0.00929787
0.00929694
0.00929601
0.00929508
0.00929415
0.00929322
0.00929229
0.00929136
0.00929043
0.0092895
0.00928857
0.00928765
0.00928672
0.00928579
0.00928486
0.00928393
0.009283
0.00928207
0.00928115
0.00928022
0.00927929
0.00927836
0.00927743
0.00927651
0.00927558
0.00927465
0.00927372
0.0092728
0.00927187
0.00927094
0.00927002
0.00926909
0.00926816
0.00926724
0.00926631
0.00926538
0.00926446
0.00926353
0.0092626
0.00926168
0.00926075
0.00925982
0.0092589
0.00925797
0.00925705
0.00925612
0.0092552
0.00925427
0.00925334
0.00925242
0.00925149
0.00925057
0.00924964
0.00924872
0.00924779
0.00924687
0.00924595
0.00924502
0.0092441
0.00924317
0.00924225
0.00924132
0.0092404
0.00923948
0.00923855
0.00923763
0.0092367
0.00923578
0.00923486
0.00923393
0.00923301
0.00923209
0.00923116
0.00923024
0.00922932
0.00922839
0.00922747
0.00922655
0.00922563
0.0092247
0.00922378
0.00922286
0.00922194
0.00922101
0.00922009
0.00921917
0.00921825
0.00921733
0.00921641
0.00921548
0.00921456
0.00921364
0.00921272
0.0092118
0.00921088
0.00920996
0.00920904
0.00920811
0.00920719
0.00920627
0.00920535
0.00920443
0.00920351
0.00920259
0.00920167
0.00920075
0.00919983
0.00919891
0.00919799
0.00919707
0.00919615
0.00919523
0.00919431
0.00919339
0.00919247
0.00919155
0.00919064
0.00918972
0.0091888
0.00918788
0.00918696
0.00918604
0.00918512
0.0091842
0.00918329
0.00918237
0.00918145
0.00918053
0.00917961
0.0091787
0.00917778
0.00917686
0.00917594
0.00917502
0.00917411
0.00917319
0.00917227
0.00917136
0.00917044
0.00916952
0.0091686
0.00916769
0.00916677
0.00916585
0.00916494
0.00916402
0.0091631
0.00916219
0.00916127
0.00916036
0.00915944
0.00915852
0.00915761
0.00915669
0.00915578
0.00915486
0.00915395
0.00915303
0.00915212
0.0091512
0.00915029
0.00914937
0.00914846
0.00914754
0.00914663
0.00914571
0.0091448
0.00914388
0.00914297
0.00914205
0.00914114
0.00914023
0.00913931
0.0091384
0.00913748
0.00913657
0.00913566
0.00913474
0.00913383
0.00913292
0.009132
0.00913109
0.00913018
0.00912926
0.00912835
0.00912744
0.00912653
0.00912561
0.0091247
0.00912379
0.00912288
0.00912196
0.00912105
0.00912014
0.00911923
0.00911832
0.0091174
0.00911649
0.00911558
0.00911467
0.00911376
0.00911285
0.00911194
0.00911102
0.00911011
0.0091092
0.00910829
0.00910738
0.00910647
0.00910556
0.00910465
0.00910374
0.00910283
0.00910192
0.00910101
0.0091001
0.00909919
0.00909828
0.00909737
0.00909646
0.00909555
0.00909464
0.00909373
0.00909282
0.00909191
0.009091
0.00909009
0.00908918
0.00908827
0.00908737
0.00908646
0.00908555
0.00908464
0.00908373
0.00908282
0.00908192
0.00908101
0.0090801
0.00907919
0.00907828
0.00907738
0.00907647
0.00907556
0.00907465
0.00907375
0.00907284
0.00907193
0.00907102
0.00907012
0.00906921
0.0090683
0.0090674
0.00906649
0.00906558
0.00906468
0.00906377
0.00906286
0.00906196
0.00906105
0.00906014
0.00905924
0.00905833
0.00905743
0.00905652
0.00905562
0.00905471
0.0090538
0.0090529
0.00905199
0.00905109
0.00905018
0.00904928
0.00904837
0.00904747
0.00904656
0.00904566
0.00904476
0.00904385
0.00904295
0.00904204
0.00904114
0.00904023
0.00903933
0.00903843
0.00903752
0.00903662
0.00903572
0.00903481
0.00903391
0.00903301
0.0090321
0.0090312
0.0090303
0.00902939
0.00902849
0.00902759
0.00902668
0.00902578
0.00902488
0.00902398
0.00902307
0.00902217
0.00902127
0.00902037
0.00901947
0.00901856
0.00901766
0.00901676
0.00901586
0.00901496
0.00901406
0.00901315
0.00901225
0.00901135
0.00901045
0.00900955
0.00900865
0.00900775
0.00900685
0.00900595
0.00900505
0.00900415
0.00900325
0.00900234
0.00900144
0.00900054
0.00899964
0.00899874
0.00899784
0.00899695
0.00899605
0.00899515
0.00899425
0.00899335
0.00899245
0.00899155
0.00899065
0.00898975
0.00898885
0.00898795
0.00898705
0.00898616
0.00898526
0.00898436
0.00898346
0.00898256
0.00898166
0.00898077
0.00897987
0.00897897
0.00897807
0.00897717
0.00897628
0.00897538
0.00897448
0.00897358
0.00897269
0.00897179
0.00897089
0.00896999
0.0089691
0.0089682
0.0089673
0.00896641
0.00896551
0.00896461
0.00896372
0.00896282
0.00896193
0.00896103
0.00896013
0.00895924
0.00895834
0.00895745
0.00895655
0.00895565
0.00895476
0.00895386
0.00895297
0.00895207
0.00895118
0.00895028
0.00894939
0.00894849
0.0089476
0.0089467
0.00894581
0.00894491
0.00894402
0.00894313
0.00894223
0.00894134
0.00894044
0.00893955
0.00893865
0.00893776
0.00893687
0.00893597
0.00893508
0.00893419
0.00893329
0.0089324
0.00893151
0.00893061
0.00892972
0.00892883
0.00892793
0.00892704
0.00892615
0.00892526
0.00892436
0.00892347
0.00892258
0.00892169
0.0089208
0.0089199
0.00891901
0.00891812
0.00891723
0.00891634
0.00891544
0.00891455
0.00891366
0.00891277
0.00891188
0.00891099
0.0089101
0.00890921
0.00890831
0.00890742
0.00890653
0.00890564
0.00890475
0.00890386
0.00890297
0.00890208
0.00890119
0.0089003
0.00889941
0.00889852
0.00889763
0.00889674
0.00889585
0.00889496
0.00889407
0.00889318
0.00889229
0.00889141
0.00889052
0.00888963
0.00888874
0.00888785
0.00888696
0.00888607
0.00888518
0.00888429
0.00888341
0.00888252
0.00888163
0.00888074
0.00887985
0.00887897
0.00887808
0.00887719
0.0088763
0.00887541
0.00887453
0.00887364
0.00887275
0.00887187
0.00887098
0.00887009
0.0088692
0.00886832
0.00886743
0.00886654
0.00886566
0.00886477
0.00886388
0.008863
0.00886211
0.00886123
0.00886034
0.00885945
0.00885857
0.00885768
0.0088568
0.00885591
0.00885502
0.00885414
0.00885325
0.00885237
0.00885148
0.0088506
0.00884971
0.00884883
0.00884794
0.00884706
0.00884617
0.00884529
0.00884441
0.00884352
0.00884264
0.00884175
0.00884087
0.00883998
0.0088391
0.00883822
0.00883733
0.00883645
0.00883557
0.00883468
0.0088338
0.00883292
0.00883203
0.00883115
0.00883027
0.00882938
0.0088285
0.00882762
0.00882673
0.00882585
0.00882497
0.00882409
0.0088232
0.00882232
0.00882144
0.00882056
0.00881968
0.00881879
0.00881791
0.00881703
0.00881615
0.00881527
0.00881439
0.0088135
0.00881262
0.00881174
0.00881086
0.00880998
0.0088091
0.00880822
0.00880734
0.00880646
0.00880558
0.00880469
0.00880381
0.00880293
0.00880205
0.00880117
0.00880029
0.00879941
0.00879853
0.00879765
0.00879677
0.00879589
0.00879502
0.00879414
0.00879326
0.00879238
0.0087915
0.00879062
0.00878974
0.00878886
0.00878798
0.0087871
0.00878622
0.00878535
0.00878447
0.00878359
0.00878271
0.00878183
0.00878095
0.00878008
0.0087792
0.00877832
0.00877744
0.00877656
0.00877569
0.00877481
0.00877393
0.00877306
0.00877218
0.0087713
0.00877042
0.00876955
0.00876867
0.00876779
0.00876692
0.00876604
0.00876516
0.00876429
0.00876341
0.00876253
0.00876166
0.00876078
0.00875991
0.00875903
0.00875815
0.00875728
0.0087564
0.00875553
0.00875465
0.00875378
0.0087529
0.00875202
0.00875115
0.00875027
0.0087494
0.00874852
0.00874765
0.00874678
0.0087459
0.00874503
0.00874415
0.00874328
0.0087424
0.00874153
0.00874065
0.00873978
0.00873891
0.00873803
0.00873716
0.00873629
0.00873541
0.00873454
0.00873366
0.00873279
0.00873192
0.00873105
0.00873017
0.0087293
0.00872843
0.00872755
0.00872668
0.00872581
0.00872494
0.00872406
0.00872319
0.00872232
0.00872145
0.00872057
0.0087197
0.00871883
0.00871796
0.00871709
0.00871622
0.00871534
0.00871447
0.0087136
0.00871273
0.00871186
0.00871099
0.00871012
0.00870924
0.00870837
0.0087075
0.00870663
0.00870576
0.00870489
0.00870402
0.00870315
0.00870228
0.00870141
0.00870054
0.00869967
0.0086988
0.00869793
0.00869706
0.00869619
0.00869532
0.00869445
0.00869358
0.00869271
0.00869184
0.00869097
0.00869011
0.00868924
0.00868837
0.0086875
0.00868663
0.00868576
0.00868489
0.00868402
0.00868316
0.00868229
0.00868142
0.00868055
0.00867968
0.00867882
0.00867795
0.00867708
0.00867621
0.00867534
0.00867448
0.00867361
0.00867274
0.00867188
0.00867101
0.00867014
0.00866927
0.00866841
0.00866754
0.00866667
0.00866581
0.00866494
0.00866407
0.00866321
0.00866234
0.00866148
0.00866061
0.00865974
0.00865888
0.00865801
0.00865715
0.00865628
0.00865541
0.00865455
0.00865368
0.00865282
0.00865195
0.00865109
0.00865022
0.00864936
0.00864849
0.00864763
0.00864676
0.0086459
0.00864503
0.00864417
0.00864331
0.00864244
0.00864158
0.00864071
0.00863985
0.00863898
0.00863812
0.00863726
0.00863639
0.00863553
0.00863467
0.0086338
0.00863294
0.00863208
0.00863121
0.00863035
0.00862949
0.00862862
0.00862776
0.0086269
0.00862604
0.00862517
0.00862431
0.00862345
0.00862259
0.00862172
0.00862086
0.00862
0.00861914
0.00861828
0.00861741
0.00861655
0.00861569
0.00861483
0.00861397
0.00861311
0.00861225
0.00861138
0.00861052
0.00860966
0.0086088
0.00860794
0.00860708
0.00860622
0.00860536
0.0086045
0.00860364
0.00860278
0.00860192
0.00860106
0.0086002
0.00859934
0.00859848
0.00859762
0.00859676
0.0085959
0.00859504
0.00859418
0.00859332
0.00859246
0.0085916
0.00859074
0.00858988
0.00858902
0.00858817
0.00858731
0.00858645
0.00858559
0.00858473
0.00858387
0.00858301
0.00858216
0.0085813
0.00858044
0.00857958
0.00857872
0.00857787
0.00857701
0.00857615
0.00857529
0.00857443
0.00857358
0.00857272
0.00857186
0.00857101
0.00857015
0.00856929
0.00856843
0.00856758
0.00856672
0.00856586
0.00856501
0.00856415
0.0085633
0.00856244
0.00856158
0.00856073
0.00855987
0.00855901
0.00855816
0.0085573
0.00855645
0.00855559
0.00855474
0.00855388
0.00855303
0.00855217
0.00855132
0.00855046
0.00854961
0.00854875
0.0085479
0.00854704
0.00854619
0.00854533
0.00854448
0.00854362
0.00854277
0.00854191
0.00854106
0.00854021
0.00853935
0.0085385
0.00853764
0.00853679
0.00853594
0.00853508
0.00853423
0.00853338
0.00853252
0.00853167
0.00853082
0.00852996
0.00852911
0.00852826
0.0085274
0.00852655
0.0085257
0.00852485
0.00852399
0.00852314
0.00852229
0.00852144
0.00852059
0.00851973
0.00851888
0.00851803
0.00851718
0.00851633
0.00851547
0.00851462
0.00851377
0.00851292
0.00851207
0.00851122
0.00851037
0.00850952
0.00850867
0.00850781
0.00850696
0.00850611
0.00850526
0.00850441
0.00850356
0.00850271
0.00850186
0.00850101
0.00850016
0.00849931
0.00849846
0.00849761
0.00849676
0.00849591
0.00849506
0.00849421
0.00849336
0.00849251
0.00849166
0.00849082
0.00848997
0.00848912
0.00848827
0.00848742
0.00848657
0.00848572
0.00848487
0.00848403
0.00848318
0.00848233
0.00848148
0.00848063
0.00847978
0.00847894
0.00847809
0.00847724
0.00847639
0.00847555
0.0084747
0.00847385
0.008473
0.00847216
0.00847131
0.00847046
0.00846962
0.00846877
0.00846792
0.00846707
0.00846623
0.00846538
0.00846454
0.00846369
0.00846284
0.008462
0.00846115
0.0084603
0.00845946
0.00845861
0.00845777
0.00845692
0.00845607
0.00845523
0.00845438
0.00845354
0.00845269
0.00845185
0.008451
0.00845016
0.00844931
0.00844847
0.00844762
0.00844678
0.00844593
0.00844509
0.00844424
0.0084434
0.00844256
0.00844171
0.00844087
0.00844002
0.00843918
0.00843834
0.00843749
0.00843665
0.0084358
0.00843496
0.00843412
0.00843327
0.00843243
0.00843159
0.00843074
0.0084299
0.00842906
0.00842822
0.00842737
0.00842653
0.00842569
0.00842485
0.008424
0.00842316
0.00842232
0.00842148
0.00842063
0.00841979
0.00841895
0.00841811
0.00841727
0.00841642
0.00841558
0.00841474
0.0084139
0.00841306
0.00841222
0.00841138
0.00841054
0.00840969
0.00840885
0.00840801
0.00840717
0.00840633
0.00840549
0.00840465
0.00840381
0.00840297
0.00840213
0.00840129
0.00840045
0.00839961
0.00839877
0.00839793
0.00839709
0.00839625
0.00839541
0.00839457
0.00839373
0.00839289
0.00839205
0.00839121
0.00839037
0.00838953
0.0083887
0.00838786
0.00838702
0.00838618
0.00838534
0.0083845
0.00838366
0.00838283
0.00838199
0.00838115
0.00838031
0.00837947
0.00837864
0.0083778
0.00837696
0.00837612
0.00837528
0.00837445
0.00837361
0.00837277
0.00837194
0.0083711
0.00837026
0.00836942
0.00836859
0.00836775
0.00836691
0.00836608
0.00836524
0.0083644
0.00836357
0.00836273
0.0083619
0.00836106
0.00836022
0.00835939
0.00835855
0.00835772
0.00835688
0.00835604
0.00835521
0.00835437
0.00835354
0.0083527
0.00835187
0.00835103
0.0083502
0.00834936
0.00834853
0.00834769
0.00834686
0.00834602
0.00834519
0.00834435
0.00834352
0.00834268
0.00834185
0.00834102
0.00834018
0.00833935
0.00833851
0.00833768
0.00833685
0.00833601
0.00833518
0.00833435
0.00833351
0.00833268
0.00833185
0.00833101
0.00833018
0.00832935
0.00832851
0.00832768
0.00832685
0.00832602
0.00832518
0.00832435
0.00832352
0.00832269
0.00832185
0.00832102
0.00832019
0.00831936
0.00831853
0.00831769
0.00831686
0.00831603
0.0083152
0.00831437
0.00831354
0.00831271
0.00831187
0.00831104
0.00831021
0.00830938
0.00830855
0.00830772
0.00830689
0.00830606
0.00830523
0.0083044
0.00830357
0.00830274
0.00830191
0.00830108
0.00830025
0.00829942
0.00829859
0.00829776
0.00829693
0.0082961
0.00829527
0.00829444
0.00829361
0.00829278
0.00829195
0.00829112
0.00829029
0.00828946
0.00828863
0.0082878
0.00828698
0.00828615
0.00828532
0.00828449
0.00828366
0.00828283
0.00828201
0.00828118
0.00828035
0.00827952
0.00827869
0.00827787
0.00827704
0.00827621
0.00827538
0.00827455
0.00827373
0.0082729
0.00827207
0.00827125
0.00827042
0.00826959
0.00826876
0.00826794
0.00826711
0.00826628
0.00826546
0.00826463
0.0082638
0.00826298
0.00826215
0.00826133
0.0082605
0.00825967
0.00825885
0.00825802
0.0082572
0.00825637
0.00825554
0.00825472
0.00825389
0.00825307
0.00825224
0.00825142
0.00825059
0.00824977
0.00824894
0.00824812
0.00824729
0.00824647
0.00824564
0.00824482
0.008244
0.00824317
0.00824235
0.00824152
0.0082407
0.00823987
0.00823905
0.00823823
0.0082374
0.00823658
0.00823576
0.00823493
0.00823411
0.00823329
0.00823246
0.00823164
0.00823082
0.00822999
0.00822917
0.00822835
0.00822752
0.0082267
0.00822588
0.00822506
0.00822423
0.00822341
0.00822259
0.00822177
0.00822094
0.00822012
0.0082193
0.00821848
0.00821766
0.00821683
0.00821601
0.00821519
0.00821437
0.00821355
0.00821273
0.00821191
0.00821109
0.00821026
0.00820944
0.00820862
0.0082078
0.00820698
0.00820616
0.00820534
0.00820452
0.0082037
0.00820288
0.00820206
0.00820124
0.00820042
0.0081996
0.00819878
0.00819796
0.00819714
0.00819632
0.0081955
0.00819468
0.00819386
0.00819304
0.00819222
0.0081914
0.00819058
0.00818976
0.00818895
0.00818813
0.00818731
