27783.2
21426.3
18767.8
18029
17776.9
17607.2
17433.2
17235.1
17007.1
16746.9
16455.6
16136.7
15795.1
15435.7
15062.1
14676.7
14280.8
13875.8
13463.2
13045.3
12624.7
12204.7
11788.9
11381
10984.6
10602.9
10238.5
9893.15
9568.16
9264.02
8980.72
8717.84
8474.64
8250.18
8043.39
7853.13
7678.26
7517.63
7370.13
7234.71
7110.37
6996.17
6891.26
6794.84
6706.16
6624.55
6549.4
6480.13
6416.25
6357.27
6302.78
6252.38
6205.72
6162.48
6122.36
6085.11
6050.48
6018.24
5988.21
5960.19
5934.02
5909.54
5886.63
5865.14
5844.98
5826.02
5808.18
5791.36
5775.5
5760.5
5746.31
5732.86
5720.1
5707.97
5696.43
5685.43
5674.93
5664.9
5655.3
5646.11
5637.28
5628.8
5620.64
5612.78
5605.2
5597.88
5590.8
5583.94
5577.3
5570.84
5564.58
5558.48
5552.54
5546.75
5541.1
5535.59
5530.21
5524.97
5519.9
5515.09
5510.74
5507.32
5506.09
5509.76
5525.77
5568.68
5685.13
5936.77
6608.93
7615.81
10251.5
9975.96
13177.1
8082.82
8790.93
7072.31
7123.16
6391.88
6358.51
6049.49
6032.4
5876.57
5874.62
5781.37
5787.49
5723.3
5733.28
5683.95
5695.49
5654.31
5666.09
5629.64
5640.81
5607.31
5617.34
5585.93
5594.51
5564.8
5571.79
5543.69
5549.1
5522.63
5526.56
5501.79
5504.4
5481.37
5482.84
5461.57
5462.08
5442.53
5442.26
5424.37
5423.47
5407.14
5405.74
5390.85
5389.07
5375.49
5373.41
5361.02
5358.72
5347.41
5344.93
5334.59
5331.98
5322.51
5319.81
5311.11
5308.35
5300.34
5297.54
5290.15
5287.33
5280.49
5277.66
5271.31
5268.49
5262.59
5259.78
5254.28
5251.49
5246.35
5243.59
5238.77
5236.04
5231.52
5228.83
5224.58
5221.92
5217.92
5215.3
5211.52
5208.95
5205.37
5202.85
5199.45
5196.98
5193.75
5191.33
5188.25
5185.88
5182.95
5180.63
5177.84
5175.56
5172.89
5170.67
5168.11
5165.94
5163.49
5161.37
5159.01
5156.94
5154.68
5152.66
5150.47
5148.5
5146.4
5144.48
5142.44
5140.57
5138.6
5136.77
5134.87
5133.09
5131.25
5129.5
5127.72
5126.02
5124.28
5122.62
5120.94
5119.32
5117.68
5116.09
5114.5
5112.95
5111.4
5109.88
5108.37
5106.88
5105.4
5103.95
5102.51
5101.09
5099.68
5098.29
5096.9
5095.54
5094.19
5092.85
5091.53
5090.22
5088.92
5087.63
5086.35
5085.09
5083.84
5082.6
5081.37
5080.15
5078.94
5077.74
5076.56
5075.38
5074.21
5073.05
5071.9
5070.76
5069.63
5068.51
5067.39
5066.29
5065.19
5064.1
5063.02
5061.95
5060.88
5059.83
5058.78
5057.73
5056.7
5055.67
5054.65
5053.64
5052.63
5051.63
5050.64
5049.65
5048.67
5047.7
5046.73
5045.77
5044.81
5043.86
5042.92
5041.99
5041.05
5040.13
5039.21
5038.3
5037.39
5036.49
5035.59
5034.7
5033.81
5032.93
5032.06
5031.19
5030.32
5029.46
5028.6
5027.75
5026.91
5026.07
5025.23
5024.4
5023.57
5022.75
5021.93
5021.12
5020.31
5019.5
5018.7
5017.9
5017.11
5016.32
5015.53
5014.75
5013.97
5013.2
5012.43
5011.66
5010.9
5010.14
5009.38
5008.63
5007.88
5007.14
5006.39
5005.65
5004.92
5004.19
5003.46
5002.73
5002.01
5001.29
5000.57
4999.85
4999.14
4998.43
4997.72
4997.02
4996.32
4995.62
4994.93
4994.23
4993.54
4992.85
4992.17
4991.48
4990.8
4990.12
4989.45
4988.77
4988.1
4987.43
4986.76
4986.1
4985.43
4984.77
4984.11
4983.46
4982.8
4982.15
4981.5
4980.85
4980.2
4979.55
4978.91
4978.27
4977.63
4976.99
4976.35
4975.72
4975.09
4974.46
4973.83
4973.2
4972.57
4971.95
4971.33
4970.71
4970.09
4969.47
4968.85
4968.24
4967.63
4967.02
4966.41
4965.8
4965.19
4964.59
4963.98
4963.38
4962.78
4962.18
4961.59
4960.99
4960.4
4959.81
4959.22
4958.63
4958.04
4957.45
4956.87
4956.28
4955.7
4955.12
4954.54
4953.97
4953.39
4952.82
4952.24
4951.67
4951.1
4950.54
4949.97
4949.4
4948.84
4948.28
4947.72
4947.16
4946.6
4946.05
4945.49
4944.94
4944.39
4943.84
4943.29
4942.74
4942.19
4941.65
4941.11
4940.57
4940.03
4939.49
4938.95
4938.42
4937.88
4937.35
4936.82
4936.29
4935.76
4935.24
4934.71
4934.19
4933.67
4933.15
4932.63
4932.11
4931.59
4931.08
4930.57
4930.05
4929.54
4929.04
4928.53
4928.02
4927.52
4927.01
4926.51
4926.01
4925.51
4925.01
4924.52
4924.02
4923.53
4923.04
4922.54
4922.05
4921.57
4921.08
4920.59
4920.11
4919.63
4919.14
4918.66
4918.18
4917.71
4917.23
4916.75
4916.28
4915.81
4915.34
4914.87
4914.4
4913.93
4913.46
4913
4912.53
4912.07
4911.61
4911.15
4910.69
4910.23
4909.77
4909.32
4908.86
4908.41
4907.95
4907.5
4907.05
4906.6
4906.16
4905.71
4905.26
4904.82
4904.38
4903.93
4903.49
4903.05
4902.61
4902.18
4901.74
4901.3
4900.87
4900.43
4900
4899.57
4899.14
4898.71
4898.28
4897.85
4897.43
4897
4896.58
4896.15
4895.73
4895.31
4894.89
4894.47
4894.05
4893.63
4893.21
4892.8
4892.38
4891.97
4891.56
4891.15
4890.73
4890.32
4889.91
4889.51
4889.1
4888.69
4888.29
4887.88
4887.48
4887.08
4886.67
4886.27
4885.87
4885.47
4885.07
4884.68
4884.28
4883.88
4883.49
4883.09
4882.7
4882.31
4881.92
4881.53
4881.14
4880.75
4880.36
4879.97
4879.58
4879.2
4878.81
4878.43
4878.05
4877.66
4877.28
4876.9
4876.52
4876.14
4875.76
4875.38
4875.01
4874.63
4874.25
4873.88
4873.5
4873.13
4872.76
4872.39
4872.02
4871.65
4871.28
4870.91
4870.54
4870.17
4869.8
4869.44
4869.07
4868.71
4868.34
4867.98
4867.62
4867.26
4866.9
4866.54
4866.18
4865.82
4865.46
4865.1
4864.74
4864.39
4864.03
4863.68
4863.32
4862.97
4862.62
4862.26
4861.91
4861.56
4861.21
4860.86
4860.51
4860.17
4859.82
4859.47
4859.12
4858.78
4858.43
4858.09
4857.75
4857.4
4857.06
4856.72
4856.38
4856.04
4855.7
4855.36
4855.02
4854.68
4854.34
4854.01
4853.67
4853.33
4853
4852.67
4852.33
4852
4851.67
4851.33
4851
4850.67
4850.34
4850.01
4849.68
4849.35
4849.03
4848.7
4848.37
4848.05
4847.72
4847.39
4847.07
4846.75
4846.42
4846.1
4845.78
4845.46
4845.13
4844.81
4844.49
4844.17
4843.85
4843.54
4843.22
4842.9
4842.58
4842.27
4841.95
4841.64
4841.32
4841.01
4840.69
4840.38
4840.07
4839.76
4839.44
4839.13
4838.82
4838.51
4838.2
4837.89
4837.59
4837.28
4836.97
4836.66
4836.36
4836.05
4835.74
4835.44
4835.13
4834.83
4834.53
4834.22
4833.92
4833.62
4833.32
4833.02
4832.71
4832.41
4832.11
4831.82
4831.52
4831.22
4830.92
4830.62
4830.33
4830.03
4829.73
4829.44
4829.14
4828.85
4828.55
4828.26
4827.97
4827.67
4827.38
4827.09
4826.8
4826.5
4826.21
4825.92
4825.63
4825.34
4825.06
4824.77
4824.48
4824.19
4823.9
4823.62
4823.33
4823.04
4822.76
4822.47
4822.19
4821.9
4821.62
4821.33
4821.05
4820.77
4820.49
4820.2
4819.92
4819.64
4819.36
4819.08
4818.8
4818.52
4818.24
4817.96
4817.68
4817.4
4817.13
4816.85
4816.57
4816.3
4816.02
4815.74
4815.47
4815.19
4814.92
4814.64
4814.37
4814.1
4813.82
4813.55
4813.28
4813
4812.73
4812.46
4812.19
4811.92
4811.65
4811.38
4811.11
4810.84
4810.57
4810.3
4810.03
4809.76
4809.5
4809.23
4808.96
4808.69
4808.43
4808.16
4807.9
4807.63
4807.36
4807.1
4806.84
4806.57
4806.31
4806.04
4805.78
4805.52
4805.25
4804.99
4804.73
4804.47
4804.21
4803.95
4803.69
4803.42
4803.16
4802.9
4802.65
4802.39
4802.13
4801.87
4801.61
4801.35
4801.09
4800.84
4800.58
4800.32
4800.07
4799.81
4799.55
4799.3
4799.04
4798.79
4798.53
4798.28
4798.02
4797.77
4797.52
4797.26
4797.01
4796.76
4796.5
4796.25
4796
4795.75
4795.49
4795.24
4794.99
4794.74
4794.49
4794.24
4793.99
4793.74
4793.49
4793.24
4792.99
4792.74
4792.5
4792.25
4792
4791.75
4791.5
4791.26
4791.01
4790.76
4790.52
4790.27
4790.02
4789.78
4789.53
4789.29
4789.04
4788.8
4788.55
4788.31
4788.06
4787.82
4787.58
4787.33
4787.09
4786.85
4786.61
4786.36
4786.12
4785.88
4785.64
4785.4
4785.15
4784.91
4784.67
4784.43
4784.19
4783.95
4783.71
4783.47
4783.23
4782.99
4782.75
4782.51
4782.28
4782.04
4781.8
4781.56
4781.32
4781.09
4780.85
4780.61
4780.37
4780.14
4779.9
4779.66
4779.43
4779.19
4778.96
4778.72
4778.49
4778.25
4778.02
4777.78
4777.55
4777.31
4777.08
4776.85
4776.61
4776.38
4776.15
4775.91
4775.68
4775.45
4775.21
4774.98
4774.75
4774.52
4774.29
4774.06
4773.82
4773.59
4773.36
4773.13
4772.9
4772.67
4772.44
4772.21
4771.98
4771.75
4771.52
4771.29
4771.07
4770.84
4770.61
4770.38
4770.15
4769.92
4769.7
4769.47
4769.24
4769.01
4768.79
4768.56
4768.33
4768.11
4767.88
4767.65
4767.43
4767.2
4766.98
4766.75
4766.53
4766.3
4766.08
4765.85
4765.63
4765.4
4765.18
4764.95
4764.73
4764.51
4764.28
4764.06
4763.84
4763.61
4763.39
4763.17
4762.95
4762.72
4762.5
4762.28
4762.06
4761.84
4761.62
4761.4
4761.17
4760.95
4760.73
4760.51
4760.29
4760.07
4759.85
4759.63
4759.41
4759.19
4758.97
4758.75
4758.54
4758.32
4758.1
4757.88
4757.66
4757.44
4757.23
4757.01
4756.79
4756.57
4756.36
4756.14
4755.92
4755.71
4755.49
4755.27
4755.06
4754.84
4754.62
4754.41
4754.19
4753.98
4753.76
4753.55
4753.33
4753.12
4752.9
4752.69
4752.47
4752.26
4752.05
4751.83
4751.62
4751.4
4751.19
4750.98
4750.76
4750.55
4750.34
4750.13
4749.91
4749.7
4749.49
4749.28
4749.07
4748.85
4748.64
4748.43
4748.22
4748.01
4747.8
4747.59
4747.38
4747.17
4746.96
4746.75
4746.54
4746.33
4746.12
4745.91
4745.7
4745.49
4745.28
4745.07
4744.86
4744.66
4744.45
4744.24
4744.03
4743.82
4743.62
4743.41
4743.2
4742.99
4742.79
4742.58
4742.37
4742.17
4741.96
4741.75
4741.55
4741.34
4741.13
4740.93
4740.72
4740.52
4740.31
4740.11
4739.9
4739.7
4739.49
4739.29
4739.08
4738.88
4738.67
4738.47
4738.27
4738.06
4737.86
4737.66
4737.45
4737.25
4737.05
4736.84
4736.64
4736.44
4736.24
4736.03
4735.83
4735.63
4735.43
4735.23
4735.03
4734.82
4734.62
4734.42
4734.22
4734.02
4733.82
4733.62
4733.42
4733.22
4733.02
4732.82
4732.62
4732.42
4732.22
4732.02
4731.82
4731.62
4731.42
4731.22
4731.03
4730.83
4730.63
4730.43
4730.23
4730.03
4729.84
4729.64
4729.44
4729.24
4729.05
4728.85
4728.65
4728.46
4728.26
4728.06
4727.87
4727.67
4727.47
4727.28
4727.08
4726.89
4726.69
4726.5
4726.3
4726.1
4725.91
4725.71
4725.52
4725.33
4725.13
4724.94
4724.74
4724.55
4724.35
4724.16
4723.97
4723.77
4723.58
4723.39
4723.19
4723
4722.81
4722.61
4722.42
4722.23
4722.04
4721.84
4721.65
4721.46
4721.27
4721.08
4720.89
4720.69
4720.5
4720.31
4720.12
4719.93
4719.74
4719.55
4719.36
4719.17
4718.98
4718.79
4718.6
4718.41
4718.22
4718.03
4717.84
4717.65
4717.46
4717.27
4717.08
4716.89
4716.7
4716.51
4716.33
4716.14
4715.95
4715.76
4715.57
4715.39
4715.2
4715.01
4714.82
4714.64
4714.45
4714.26
4714.07
4713.89
4713.7
4713.51
4713.33
4713.14
4712.95
4712.77
4712.58
4712.4
4712.21
4712.03
4711.84
4711.65
4711.47
4711.28
4711.1
4710.91
4710.73
4710.55
4710.36
4710.18
4709.99
4709.81
4709.62
4709.44
4709.26
4709.07
4708.89
4708.71
4708.52
4708.34
4708.16
4707.97
4707.79
4707.61
4707.42
4707.24
4707.06
4706.88
4706.7
4706.51
4706.33
4706.15
4705.97
4705.79
4705.61
4705.42
4705.24
4705.06
4704.88
4704.7
4704.52
4704.34
4704.16
4703.98
4703.8
4703.62
4703.44
4703.26
4703.08
4702.9
4702.72
4702.54
4702.36
4702.18
4702
4701.82
4701.64
4701.47
4701.29
4701.11
4700.93
4700.75
4700.57
4700.4
4700.22
4700.04
4699.86
4699.68
4699.51
4699.33
4699.15
4698.97
4698.8
4698.62
4698.44
4698.27
4698.09
4697.91
4697.74
4697.56
4697.39
4697.21
4697.03
4696.86
4696.68
4696.51
4696.33
4696.16
4695.98
4695.8
4695.63
4695.45
4695.28
4695.11
4694.93
4694.76
4694.58
4694.41
4694.23
4694.06
4693.89
4693.71
4693.54
4693.36
4693.19
4693.02
4692.84
4692.67
4692.5
4692.32
4692.15
4691.98
4691.81
4691.63
4691.46
4691.29
4691.12
4690.94
4690.77
4690.6
4690.43
4690.26
4690.09
4689.91
4689.74
4689.57
4689.4
4689.23
4689.06
4688.89
4688.72
4688.55
4688.37
4688.2
4688.03
4687.86
4687.69
4687.52
4687.35
4687.18
4687.01
4686.84
4686.67
4686.51
4686.34
4686.17
4686
4685.83
4685.66
4685.49
4685.32
4685.15
4684.99
4684.82
4684.65
4684.48
4684.31
4684.14
4683.98
4683.81
4683.64
4683.47
4683.31
4683.14
4682.97
4682.8
4682.64
4682.47
4682.3
4682.14
4681.97
4681.8
4681.64
4681.47
4681.3
4681.14
4680.97
4680.81
4680.64
4680.47
4680.31
4680.14
4679.98
4679.81
4679.65
4679.48
4679.32
4679.15
4678.99
4678.82
4678.66
4678.49
4678.33
4678.16
4678
4677.83
4677.67
4677.51
4677.34
4677.18
4677.02
4676.85
4676.69
4676.52
4676.36
4676.2
4676.04
4675.87
4675.71
4675.55
4675.38
4675.22
4675.06
4674.9
4674.73
4674.57
4674.41
4674.25
4674.09
4673.92
4673.76
4673.6
4673.44
4673.28
4673.12
4672.95
4672.79
4672.63
4672.47
4672.31
4672.15
4671.99
4671.83
4671.67
4671.51
4671.35
4671.19
4671.03
4670.87
4670.71
4670.55
4670.39
4670.23
4670.07
4669.91
4669.75
4669.59
4669.43
4669.27
4669.11
4668.95
4668.79
4668.64
4668.48
4668.32
4668.16
4668
4667.84
4667.69
4667.53
4667.37
4667.21
4667.05
4666.9
4666.74
4666.58
4666.42
4666.27
4666.11
4665.95
4665.8
4665.64
4665.48
4665.32
4665.17
4665.01
4664.86
4664.7
4664.54
4664.39
4664.23
4664.07
4663.92
4663.76
4663.61
4663.45
4663.3
4663.14
4662.98
4662.83
4662.67
4662.52
4662.36
4662.21
4662.05
4661.9
4661.74
4661.59
4661.44
4661.28
4661.13
4660.97
4660.82
4660.66
4660.51
4660.36
4660.2
4660.05
4659.9
4659.74
4659.59
4659.44
4659.28
4659.13
4658.98
4658.82
4658.67
4658.52
4658.37
4658.21
4658.06
4657.91
4657.76
4657.6
4657.45
4657.3
4657.15
4657
4656.84
4656.69
4656.54
4656.39
4656.24
4656.09
4655.93
4655.78
4655.63
4655.48
4655.33
4655.18
4655.03
4654.88
4654.73
4654.58
4654.43
4654.28
4654.13
4653.98
4653.83
4653.68
4653.53
4653.38
4653.23
4653.08
4652.93
4652.78
4652.63
4652.48
4652.33
4652.18
4652.03
4651.88
4651.73
4651.59
4651.44
4651.29
4651.14
4650.99
4650.84
4650.69
4650.55
4650.4
4650.25
4650.1
4649.95
4649.81
4649.66
4649.51
4649.36
4649.22
4649.07
4648.92
4648.77
4648.63
4648.48
4648.33
4648.19
4648.04
4647.89
4647.75
4647.6
4647.45
4647.31
4647.16
4647.02
4646.87
4646.72
4646.58
4646.43
4646.29
4646.14
4645.99
4645.85
4645.7
4645.56
4645.41
4645.27
4645.12
4644.98
4644.83
4644.69
4644.54
4644.4
4644.25
4644.11
4643.96
4643.82
4643.68
4643.53
4643.39
4643.24
4643.1
4642.96
4642.81
4642.67
4642.52
4642.38
4642.24
4642.09
4641.95
4641.81
4641.66
4641.52
4641.38
4641.24
4641.09
4640.95
4640.81
4640.66
4640.52
4640.38
4640.24
4640.1
4639.95
4639.81
4639.67
4639.53
4639.38
4639.24
4639.1
4638.96
4638.82
4638.68
4638.54
4638.39
4638.25
4638.11
4637.97
4637.83
4637.69
4637.55
4637.41
4637.27
4637.13
4636.98
4636.84
4636.7
4636.56
4636.42
4636.28
4636.14
4636
4635.86
4635.72
4635.58
4635.44
4635.3
4635.16
4635.02
4634.89
4634.75
4634.61
4634.47
4634.33
4634.19
4634.05
4633.91
4633.77
4633.63
4633.5
4633.36
4633.22
4633.08
4632.94
4632.8
4632.67
4632.53
4632.39
4632.25
4632.11
4631.98
4631.84
4631.7
4631.56
4631.42
4631.29
4631.15
4631.01
4630.88
4630.74
4630.6
4630.46
4630.33
4630.19
4630.05
4629.92
4629.78
4629.64
4629.51
4629.37
4629.23
4629.1
4628.96
4628.83
4628.69
4628.55
4628.42
4628.28
4628.15
4628.01
4627.88
4627.74
4627.6
4627.47
4627.33
4627.2
4627.06
4626.93
4626.79
4626.66
4626.52
4626.39
4626.25
4626.12
4625.98
4625.85
4625.71
4625.58
4625.45
4625.31
4625.18
4625.04
4624.91
4624.78
4624.64
4624.51
4624.37
4624.24
4624.11
4623.97
4623.84
4623.71
4623.57
4623.44
4623.31
4623.17
4623.04
4622.91
4622.77
4622.64
4622.51
4622.38
4622.24
4622.11
4621.98
4621.85
4621.71
4621.58
4621.45
4621.32
4621.19
4621.05
4620.92
4620.79
4620.66
4620.53
4620.39
4620.26
4620.13
4620
4619.87
4619.74
4619.61
4619.47
4619.34
4619.21
4619.08
4618.95
4618.82
4618.69
4618.56
4618.43
4618.3
4618.17
4618.04
4617.91
4617.77
4617.64
4617.51
4617.38
4617.25
4617.12
4616.99
4616.86
4616.73
4616.6
4616.48
4616.35
4616.22
4616.09
4615.96
4615.83
4615.7
4615.57
4615.44
4615.31
4615.18
4615.05
4614.92
4614.8
4614.67
4614.54
4614.41
4614.28
4614.15
4614.02
4613.9
4613.77
4613.64
4613.51
4613.38
4613.25
4613.13
4613
4612.87
4612.74
4612.62
4612.49
4612.36
4612.23
4612.1
4611.98
4611.85
4611.72
4611.6
4611.47
4611.34
4611.21
4611.09
4610.96
4610.83
4610.71
4610.58
4610.45
4610.33
4610.2
4610.07
4609.95
4609.82
4609.69
4609.57
4609.44
4609.32
4609.19
4609.06
4608.94
4608.81
4608.69
4608.56
4608.43
4608.31
4608.18
4608.06
4607.93
4607.81
4607.68
4607.56
4607.43
4607.31
4607.18
4607.06
4606.93
4606.81
4606.68
4606.56
4606.43
4606.31
4606.18
4606.06
4605.93
4605.81
4605.68
4605.56
4605.44
4605.31
4605.19
4605.06
4604.94
4604.82
4604.69
4604.57
4604.44
4604.32
4604.2
4604.07
4603.95
4603.83
4603.7
4603.58
4603.46
4603.33
4603.21
4603.09
4602.96
4602.84
4602.72
4602.59
4602.47
4602.35
4602.22
4602.1
4601.98
4601.86
4601.73
4601.61
4601.49
4601.37
4601.24
4601.12
4601
4600.88
4600.76
4600.63
4600.51
4600.39
4600.27
4600.15
4600.02
4599.9
4599.78
4599.66
4599.54
4599.42
4599.29
4599.17
4599.05
4598.93
4598.81
