64.5773
46.3008
36.9334
24.0174
17.0446
31.038
74.2048
158.819
263.167
193.83
161.35
187.153
238.976
269.727
257.548
264.584
319.961
382.743
367.458
263.679
209.045
140.271
115.9
74.2752
58.6878
42.7471
33.0559
24.2797
18.4732
29.9697
69.211
142.834
242.741
173.57
130.603
168.745
221.479
260.304
261.998
272.398
330.296
447.048
391.787
241.257
245.615
169.423
124.227
86.6636
62.7143
44.7899
34.4943
24.6509
20.2297
29.9599
74.9497
154.346
248.103
169.715
160.889
175.51
244.088
225.599
227.818
246.516
298.581
370.993
332.105
215.508
166.194
140.271
119.292
76.3003
57.8869
39.7658
30.9901
19.7642
15.5655
26.6039
64.4847
159.856
254.234
180.746
139.431
147.155
179.903
230.419
238.551
246.28
306.66
363.467
345.508
248.499
169.394
139.664
99.8224
73.0537
52.2399
36.3594
26.7447
17.1627
12.9564
24.0911
65.6025
184.353
280.432
190.821
148.828
154.083
226.68
234.413
251.398
252.842
344.582
394.199
382.992
305.131
231.847
176.167
141.02
98.1695
69.1786
32.4026
22.8685
11.6415
7.35681
17.9219
80.2046
255.109
352.194
210.927
180.617
200.981
221.299
207.704
211.016
231.109
259.48
388.191
361.193
267.37
202.26
158.745
136.095
90.147
51.985
30.3623
21.2342
10.8535
5.86617
16.9746
84.1451
237.264
334.983
201.416
167.892
182.547
208.933
194.726
186.761
192.209
240.934
337.776
321.754
180.158
132.543
98.7337
70.5058
62.28
53.4882
42.0549
33.1421
24.4753
19.8107
33.2
78.3479
160.316
252.013
168.22
132.61
151.965
169.846
171.682
187.934
205.491
247.038
342.074
288.6
197.023
147.248
132.683
96.724
72.7858
60.8634
44.9387
33.7573
24.2797
18.4732
29.4714
68.974
154.346
250.615
162.023
139.652
147.477
215.55
244.172
239.399
246.516
244.266
342.986
331.855
245.657
142.689
126.191
86.7951
71.0972
55.1386
43.6736
32.9754
20.5375
15.6804
30.0582
74.9497
162.092
272.172
178.91
157.419
166.151
204.14
221.12
216.088
218.263
258.955
331.783
297.78
213.572
164.51
124.9
106.734
81.5589
67.0899
52.1441
43.0062
32.0803
26.3277
35.9795
77.3743
164.474
221.514
164.037
150.14
177.98
205.79
223.68
218.445
228.087
277.189
363.231
267.245
176.955
139.931
123.536
101.055
72.9535
60.5928
46.2197
36.7131
27.6258
21.8273
33.8838
68.6786
121.871
194.422
132.598
112.761
140.876
179.971
183.133
186.207
185.444
231.89
337.078
306.069
204.53
173.332
106.718
96.6542
71.5747
56.3282
43.7827
35.172
27.3736
20.2956
31.8925
69.0845
128.657
233.349
175.772
158.181
191.066
237.883
273.481
261.009
270.098
311.767
391.512
343.07
240.649
188.906
148.025
118.832
75.0045
56.9999
41.6536
31.7199
19.8726
14.7075
26.6039
67.0926
183.348
254.234
198.605
168.506
194.049
227.334
213.631
227.692
234.882
285.733
372.288
331.979
251.461
178.789
146.622
117.689
78.3005
57.5414
39.9536
29.1908
17.4719
12.121
24.8846
77.0529
201.388
311.418
206.897
194.366
215.134
282.582
291.791
284.363
289.599
310.624
484.974
454.705
362.224
291.781
233.823
193.215
137.011
72.3566
40.4562
25.6492
12.4911
22.9824
44.8993
126.25
271.972
347.238
218.804
171.849
191.311
221.316
212.983
204.901
194.016
241.06
349.865
324.931
241.435
194.775
165.588
121.777
87.8359
65.2326
45.4005
34.6626
23.2677
17.9096
30.0582
78.3088
184.801
278.256
175.889
135.897
156.701
180.705
167.273
160.402
165.564
216.298
307.462
273.121
166.172
120.547
94.9665
80.0914
69.7052
58.6115
46.8023
38.6277
27.5791
20.3012
34.3599
76.8898
157.763
243.31
155.762
121.418
121.775
152.537
171.682
169.939
194.016
211.308
322.324
299.262
202.628
140.429
114.062
81.8819
69.7052
58.558
45.2497
37.4142
29.7796
26.1205
35.5193
66.4106
141.051
216.013
146.613
114.85
123.201
166.581
196.118
216.664
246.516
319.961
409.967
350.97
259.965
256.667
173.631
134.409
94.8523
62.709
41.3997
29.3961
16.8227
14.208
23.8177
87.0056
244.469
379.456
211.199
199.403
215.134
280.363
271.078
254.055
266.58
324.936
401.91
353.647
264.973
195.137
160.44
132.241
97.254
18.5167
10.0879
4.71801
0.759155
-0.650905
2.95409
27.1811
94.8556
175.063
126.744
112.621
122.491
134.384
127.396
133.377
135.649
133.014
199.909
179.925
155.025
123.516
111.835
99.4736
71.599
39.3618
14.5554
16.0717
10.358
-0.889372
2.95409
27.1811
89.7337
176.108
125.824
101.217
117.387
141.843
138.187
134.026
140.413
150.783
224.227
203.803
148.298
109.212
96.6708
58.1685
48.2793
23.4009
12.2485
5.52046
-0.331937
-1.92482
1.1803
29.4863
103.641
180.182
125.1
104.488
112.831
129.667
129.931
124.477
121.453
135.79
202.509
182.934
126.011
83.884
69.212
55.4982
36.0871
17.6569
8.29981
2.77214
-1.45331
-2.54239
0.222788
22.6349
81.2933
165.051
114.595
81.0216
92.7734
115.184
111.929
105.419
104.613
120.77
182.41
178.487
120.011
76.2867
58.6911
47.7167
27.0883
14.9662
8.621
5.51395
-1.93209
2.60156
22.7055
65.2754
137.406
95.895
57.8509
80.9572
85.3278
94.0441
98.855
103.284
126.518
188.107
155.906
121.926
91.9074
68.8297
47.073
28.1394
16.3416
6.03214
4.35501
-0.339972
3.53165
23.989
99.3193
177.763
118.316
89.2427
93.454
116.58
127.505
122.422
123.947
127.216
199.113
177.972
112.805
85.6557
58.7063
45.9727
27.8632
16.0898
7.76495
3.65423
-2.02763
-3.16856
-0.580631
21.1833
85.4491
171.344
120.177
86.3692
91.3733
90.627
79.6786
122.014
123.473
138.785
194.521
168.231
107.193
73.5837
62.6618
50.9464
29.8627
18.6225
8.37143
2.2722
-1.46732
0.0944231
22.5602
92.8584
173.016
118.095
89.2011
101.573
109.274
109.794
100.329
103.477
114.581
186.639
159.36
106.436
75.6355
55.901
43.4276
24.8667
13.6877
5.61315
2.59981
-2.35264
-3.82585
-0.502305
20.9022
65.3024
155.615
95.4563
58.393
69.1126
90.59
95.4117
99.4677
98.6868
110.574
172.631
162.829
117.929
76.1407
62.5953
47.5993
32.209
16.5633
7.03943
4.30346
-2.13401
-3.69679
1.40963
21.8289
70.8271
155.976
112.465
77.5
88.801
109.705
116.966
125.464
131.619
145.293
213.995
176.109
123.87
90.1279
80.997
