16619.3
12606.5
11387.4
11319
11362.6
11328.8
11227.8
11082.3
10905.6
10705.2
10487.1
10257.1
10020.8
9782.22
9543.2
9304.29
9065.54
8827.29
8590.61
8357.3
8129.75
7910.61
7702.58
7508.05
7328.87
7166.23
7020.57
6891.67
6778.8
6680.83
6596.43
6524.18
6462.67
6410.57
6366.66
6329.81
6299.04
6273.48
6252.35
6235
6220.82
6209.31
6200.03
6192.6
6186.68
6181.98
6178.27
6175.31
6172.94
6170.99
6169.33
6167.84
6166.44
6165.03
6163.55
6161.94
6160.16
6158.17
6155.93
6153.43
6150.64
6147.55
6144.15
6140.44
6136.41
6132.07
6127.41
6122.43
6117.15
6111.58
6105.71
6099.56
6093.13
6086.44
6079.5
6072.32
6064.89
6057.27
6049.41
6041.38
6033.12
6024.75
6016.11
6007.47
5998.45
5989.64
5980.18
5971.37
5961.34
5952.83
5941.83
5934.31
5921.42
5916.35
5899.43
5900.11
5874.23
5888.29
5841.95
5887.2
5793.5
5912.19
5708.17
6002.49
5542.21
6265.74
5228.25
7022.26
4834.08
9064.59
5303.08
11223.1
6291.93
9226.85
4978.9
8100.86
4723.83
7313.14
4776.63
6920.63
4875.49
6729.74
4952.11
6628.72
5002.59
6567.78
5033.39
6524.75
5051.05
6489.19
5060.64
6455.92
5065.77
6422.35
5068.89
6387.31
5071.56
6350.47
5074.67
6312.01
5078.64
6272.4
5083.58
6232.21
5089.41
6192.01
5095.94
6152.29
5102.96
6113.44
5110.24
6075.77
5117.59
6039.44
5124.87
6004.57
5131.94
5971.19
5138.74
5939.3
5145.19
5908.86
5151.28
5879.81
5156.99
5852.08
5162.32
5825.59
5167.27
5800.27
5171.87
5776.03
5176.13
5752.81
5180.07
5730.53
5183.72
5709.13
5187.09
5688.54
5190.2
5668.73
5193.07
5649.62
5195.71
5631.19
5198.16
5613.38
5200.4
5596.16
5202.47
5579.49
5204.37
5563.36
5206.1
5547.72
5207.68
5532.56
5209.12
5517.86
5210.41
5503.58
5211.57
5489.73
5212.59
5476.27
5213.49
5463.21
5214.26
5450.52
5214.9
5438.19
5215.42
5426.21
5215.82
5414.58
5216.1
5403.28
5216.26
5392.31
5216.3
5381.65
5216.21
5371.31
5216.01
5361.27
5215.69
5351.53
5215.25
5342.08
5214.69
5332.92
5214.01
5324.04
5213.22
5315.43
5212.31
5307.09
5211.28
5299.01
5210.14
5291.19
5208.89
5283.62
5207.53
5276.29
5206.06
5269.19
5204.49
5262.33
5202.81
5255.69
5201.04
5249.26
5199.17
5243.04
5197.21
5237.03
5195.16
5231.2
5193.02
5225.57
5190.81
5220.11
5188.52
5214.83
5186.16
5209.71
5183.74
5204.75
5181.25
5199.94
5178.71
5195.27
5176.12
5190.74
5173.48
5186.33
5170.8
5182.05
5168.08
5177.88
5165.33
5173.82
5162.55
5169.86
5159.75
5166
5156.92
5162.22
5154.08
5158.54
5151.23
5154.93
5148.36
5151.4
5145.49
5147.93
5142.61
5144.54
5139.73
5141.2
5136.85
5137.92
5133.97
5134.69
5131.1
5131.51
5128.23
5128.38
5125.37
5125.3
5122.53
5122.25
5119.69
5119.24
5116.86
5116.27
5114.04
5113.33
5111.24
5110.43
5108.45
5107.55
5105.67
5104.7
5102.91
5101.88
5100.17
5099.08
5097.43
5096.31
5094.72
5093.56
5092.01
5090.83
5089.32
5088.12
5086.65
5085.43
5083.99
5082.76
5081.35
5080.11
5078.72
5077.47
5076.11
5074.85
5073.51
5072.25
5070.92
5069.67
5068.35
5067.1
5065.8
5064.54
5063.26
5062.01
5060.73
5059.48
5058.21
5056.97
5055.72
5054.48
5053.23
5052
5050.76
5049.54
5048.31
5047.09
5045.86
5044.65
5043.44
5042.23
5041.03
5039.83
5038.63
5037.45
5036.26
5035.07
5033.89
5032.72
5031.55
5030.38
5029.22
5028.06
5026.91
5025.76
5024.62
5023.48
5022.34
5021.21
5020.09
5018.97
5017.85
5016.74
5015.64
5014.54
5013.45
5012.36
5011.27
5010.2
5009.13
5008.06
5007
5005.95
5004.9
5003.86
5002.82
5001.79
5000.77
4999.75
4998.74
4997.73
4996.74
4995.75
4994.76
4993.79
4992.82
4991.85
4990.9
4989.95
4989.01
4988.08
4987.15
4986.23
4985.32
4984.41
4983.52
4982.63
4981.75
4980.87
4980.01
4979.15
4978.3
4977.46
4976.62
4975.8
4974.98
4974.17
4973.37
4972.57
4971.79
4971.01
4970.24
4969.47
4968.72
4967.97
4967.24
4966.5
4965.78
4965.07
4964.36
4963.66
4962.97
4962.29
4961.62
4960.95
4960.29
4959.64
4958.99
4958.36
4957.73
4957.11
4956.5
4955.89
4955.29
4954.7
4954.12
4953.54
4952.97
4952.41
4951.86
4951.31
4950.77
4950.24
4949.71
4949.19
4948.68
4948.18
4947.68
4947.18
4946.7
4946.22
4945.75
4945.28
4944.82
4944.37
4943.92
4943.48
4943.04
4942.61
4942.19
4941.77
4941.36
4940.95
4940.55
4940.16
4939.77
4939.38
4939
4938.63
4938.26
4937.9
4937.54
4937.19
4936.84
4936.5
4936.16
4935.83
4935.5
4935.18
4934.86
4934.54
4934.23
4933.93
4933.63
4933.33
4933.04
4932.75
4932.46
4932.18
4931.91
4931.64
4931.37
4931.1
4930.84
4930.59
4930.33
4930.08
4929.84
4929.6
4929.36
4929.12
4928.89
4928.66
4928.44
4928.22
4928
4927.78
4927.57
4927.36
4927.15
4926.95
4926.75
4926.55
4926.36
4926.17
4925.98
4925.79
4925.61
4925.43
4925.25
4925.07
4924.9
4924.73
4924.56
4924.39
4924.23
4924.07
4923.91
4923.75
4923.6
4923.44
4923.29
4923.14
4923
4922.85
4922.71
4922.57
4922.43
4922.3
4922.16
4922.03
4921.9
4921.77
4921.64
4921.51
4921.39
4921.27
4921.15
4921.03
4920.91
4920.79
4920.68
4920.57
4920.45
4920.34
4920.24
4920.13
4920.02
4919.92
4919.81
4919.71
4919.61
4919.51
4919.41
4919.32
4919.22
4919.12
4919.03
4918.94
4918.85
4918.76
4918.67
4918.58
4918.49
4918.41
4918.32
4918.24
4918.15
4918.07
4917.99
4917.91
4917.83
4917.75
4917.67
4917.59
4917.52
4917.44
4917.37
4917.29
4917.22
4917.15
4917.08
4917.01
4916.93
4916.87
4916.8
4916.73
4916.66
4916.59
4916.53
4916.46
4916.4
4916.33
4916.27
4916.2
4916.14
4916.08
4916.01
4915.95
4915.89
4915.83
4915.77
4915.71
4915.65
4915.59
4915.54
4915.48
4915.42
4915.36
4915.31
4915.25
4915.2
4915.14
4915.08
4915.03
4914.98
4914.92
4914.87
4914.81
4914.76
4914.71
4914.66
4914.6
4914.55
4914.5
4914.45
4914.4
4914.35
4914.29
4914.24
4914.19
4914.14
4914.09
4914.04
4913.99
4913.95
4913.9
4913.85
4913.8
4913.75
4913.7
4913.65
4913.61
4913.56
4913.51
4913.46
4913.42
4913.37
4913.32
4913.27
4913.23
4913.18
4913.13
4913.09
4913.04
4912.99
4912.95
4912.9
4912.86
4912.81
4912.76
4912.72
4912.67
4912.63
4912.58
4912.53
4912.49
4912.44
4912.4
4912.35
4912.31
4912.26
4912.22
4912.17
4912.13
4912.08
4912.04
4911.99
4911.95
4911.9
4911.86
4911.81
4911.77
4911.72
4911.68
4911.63
4911.59
4911.54
4911.5
4911.45
4911.41
4911.36
4911.32
4911.27
4911.23
4911.18
4911.14
4911.09
4911.05
4911
4910.96
4910.91
4910.87
4910.82
4910.78
4910.73
4910.69
4910.64
4910.6
4910.55
4910.51
4910.46
4910.42
4910.37
4910.33
4910.28
4910.24
4910.19
4910.15
4910.1
4910.06
4910.01
4909.97
4909.92
4909.88
4909.83
4909.79
4909.74
4909.69
4909.65
4909.6
4909.56
4909.51
4909.47
4909.42
4909.38
4909.33
4909.29
4909.24
4909.19
4909.15
4909.1
4909.06
4909.01
4908.97
4908.92
4908.88
4908.83
4908.78
4908.74
4908.69
4908.65
4908.6
4908.56
4908.51
4908.47
4908.42
4908.37
4908.33
4908.28
4908.24
4908.19
4908.15
4908.1
4908.05
4908.01
4907.96
4907.92
4907.87
4907.83
4907.78
4907.73
4907.69
4907.64
4907.6
4907.55
4907.51
4907.46
4907.41
4907.37
4907.32
4907.28
4907.23
4907.19
4907.14
4907.1
4907.05
4907
4906.96
4906.91
4906.87
4906.82
4906.78
4906.73
4906.69
4906.64
4906.6
4906.55
4906.51
4906.46
4906.41
4906.37
4906.32
4906.28
4906.23
4906.19
4906.14
4906.1
4906.05
4906.01
4905.97
4905.92
4905.88
4905.83
4905.79
4905.74
4905.7
4905.65
4905.61
4905.56
4905.52
4905.48
4905.43
4905.39
4905.34
4905.3
4905.25
4905.21
4905.17
4905.12
4905.08
4905.03
4904.99
4904.95
4904.9
4904.86
4904.82
4904.77
4904.73
4904.69
4904.64
4904.6
4904.56
4904.51
4904.47
4904.43
4904.39
4904.34
4904.3
4904.26
4904.22
4904.17
4904.13
4904.09
4904.05
4904
4903.96
4903.92
4903.88
4903.84
4903.8
4903.75
4903.71
4903.67
4903.63
4903.59
4903.55
4903.51
4903.47
4903.42
4903.38
4903.34
4903.3
4903.26
4903.22
4903.18
4903.14
4903.1
4903.06
4903.02
4902.98
4902.94
4902.9
4902.86
4902.82
4902.78
4902.75
4902.71
4902.67
4902.63
4902.59
4902.55
4902.51
4902.47
4902.44
4902.4
4902.36
4902.32
4902.28
4902.25
4902.21
4902.17
4902.13
4902.1
4902.06
4902.02
4901.99
4901.95
4901.91
4901.88
4901.84
4901.8
4901.77
4901.73
4901.7
4901.66
4901.63
4901.59
4901.55
4901.52
4901.48
4901.45
4901.42
4901.38
4901.35
4901.31
4901.28
4901.24
4901.21
4901.18
4901.14
4901.11
4901.08
4901.04
4901.01
4900.98
4900.94
4900.91
4900.88
4900.85
4900.81
4900.78
4900.75
4900.72
4900.69
4900.66
4900.62
4900.59
4900.56
4900.53
4900.5
4900.47
4900.44
4900.41
4900.38
4900.35
4900.32
4900.29
4900.26
4900.23
4900.2
4900.18
4900.15
4900.12
4900.09
4900.06
4900.03
4900.01
4899.98
4899.95
4899.92
4899.9
4899.87
4899.84
4899.82
4899.79
4899.76
4899.74
4899.71
4899.69
4899.66
4899.64
4899.61
4899.59
4899.56
4899.54
4899.51
4899.49
4899.46
4899.44
4899.42
4899.39
4899.37
4899.35
4899.32
4899.3
4899.28
4899.26
4899.23
4899.21
4899.19
4899.17
4899.15
4899.13
4899.11
4899.08
4899.06
4899.04
4899.02
4899
4898.98
4898.96
4898.95
4898.93
4898.91
4898.89
4898.87
4898.85
4898.83
4898.82
4898.8
4898.78
4898.76
4898.75
4898.73
4898.71
4898.69
4898.68
4898.66
4898.65
4898.63
4898.62
4898.6
4898.59
4898.57
4898.56
4898.54
4898.53
4898.51
4898.5
4898.49
4898.47
4898.46
4898.45
4898.43
4898.42
4898.41
4898.4
4898.38
4898.37
4898.36
4898.35
4898.34
4898.33
4898.32
4898.31
4898.3
4898.29
4898.28
4898.27
4898.26
4898.25
4898.24
4898.23
4898.22
4898.21
4898.21
4898.2
4898.19
4898.18
4898.18
4898.17
4898.16
4898.16
4898.15
4898.14
4898.14
4898.13
4898.13
4898.12
4898.12
4898.11
4898.11
4898.1
4898.1
4898.1
4898.09
4898.09
4898.09
4898.08
4898.08
4898.08
4898.08
4898.07
4898.07
4898.07
4898.07
4898.07
4898.07
4898.07
4898.07
4898.07
4898.07
4898.07
4898.07
4898.07
4898.07
4898.07
4898.07
4898.07
4898.07
4898.08
4898.08
4898.08
4898.08
4898.09
4898.09
4898.09
4898.1
4898.1
4898.1
4898.11
4898.11
4898.12
4898.12
4898.13
4898.13
4898.14
4898.15
4898.15
4898.16
4898.16
4898.17
4898.18
4898.18
4898.19
4898.2
4898.21
4898.22
4898.22
4898.23
4898.24
4898.25
4898.26
4898.27
4898.28
4898.29
4898.3
4898.31
4898.32
4898.33
4898.34
4898.35
4898.36
4898.37
4898.39
4898.4
4898.41
4898.42
4898.43
4898.45
4898.46
4898.47
4898.49
4898.5
4898.51
4898.53
4898.54
4898.56
4898.57
4898.59
4898.6
4898.62
4898.63
4898.65
4898.67
4898.68
4898.7
4898.71
4898.73
4898.75
4898.77
4898.78
4898.8
4898.82
4898.84
4898.86
4898.87
4898.89
4898.91
4898.93
4898.95
4898.97
4898.99
4899.01
4899.03
4899.05
4899.07
4899.09
4899.11
4899.14
4899.16
4899.18
4899.2
4899.22
4899.24
4899.27
4899.29
4899.31
4899.34
4899.36
4899.38
4899.41
4899.43
4899.45
4899.48
4899.5
4899.53
4899.55
4899.58
4899.6
4899.63
4899.65
4899.68
4899.71
4899.73
4899.76
4899.79
4899.81
4899.84
4899.87
4899.89
4899.92
4899.95
4899.98
4900.01
4900.03
4900.06
4900.09
4900.12
4900.15
4900.18
4900.21
4900.24
4900.27
4900.3
4900.33
4900.36
4900.39
4900.42
4900.45
4900.48
4900.52
4900.55
4900.58
4900.61
4900.64
4900.68
4900.71
4900.74
4900.77
4900.81
4900.84
4900.87
4900.91
4900.94
4900.98
4901.01
4901.04
4901.08
4901.11
4901.15
4901.18
4901.22
4901.25
4901.29
4901.33
4901.36
4901.4
4901.43
4901.47
4901.51
4901.54
4901.58
4901.62
4901.66
4901.69
4901.73
4901.77
4901.81
4901.84
4901.88
4901.92
4901.96
4902
4902.04
4902.08
4902.12
4902.16
4902.2
4902.24
4902.28
4902.32
4902.36
4902.4
4902.44
4902.48
4902.52
4902.56
4902.6
4902.64
4902.69
4902.73
4902.77
4902.81
4902.85
4902.9
4902.94
4902.98
4903.03
4903.07
4903.11
4903.16
4903.2
4903.24
4903.29
4903.33
4903.38
4903.42
4903.47
4903.51
4903.55
4903.6
4903.65
4903.69
4903.74
4903.78
4903.83
4903.87
4903.92
4903.97
4904.01
4904.06
4904.11
4904.15
4904.2
4904.25
4904.29
4904.34
4904.39
4904.44
4904.49
4904.53
4904.58
4904.63
4904.68
4904.73
4904.78
4904.83
4904.88
4904.92
4904.97
4905.02
4905.07
4905.12
4905.17
4905.22
4905.27
4905.33
4905.38
4905.43
4905.48
4905.53
4905.58
4905.63
4905.68
4905.73
4905.79
4905.84
4905.89
4905.94
4906
4906.05
4906.1
4906.15
4906.21
4906.26
4906.31
4906.37
4906.42
4906.47
4906.53
4906.58
4906.64
4906.69
4906.74
4906.8
4906.85
4906.91
4906.96
4907.02
4907.07
4907.13
4907.19
4907.24
4907.3
4907.35
4907.41
4907.47
4907.52
4907.58
4907.64
4907.69
4907.75
4907.81
4907.86
4907.92
4907.98
4908.04
4908.09
4908.15
4908.21
4908.27
4908.33
4908.38
4908.44
4908.5
4908.56
4908.62
4908.68
4908.74
4908.8
4908.86
4908.92
4908.98
4909.04
4909.1
4909.16
4909.22
4909.28
4909.34
4909.4
4909.46
4909.52
4909.58
4909.65
4909.71
4909.77
4909.83
4909.89
4909.95
4910.02
4910.08
4910.14
4910.2
4910.27
4910.33
4910.39
4910.46
4910.52
4910.58
4910.65
4910.71
4910.77
4910.84
4910.9
4910.97
4911.03
4911.09
4911.16
4911.22
4911.29
4911.35
4911.42
4911.48
4911.55
4911.62
4911.68
4911.75
4911.81
4911.88
4911.95
4912.01
4912.08
4912.14
4912.21
4912.28
4912.35
4912.41
4912.48
4912.55
4912.62
4912.68
4912.75
4912.82
4912.89
4912.96
4913.02
4913.09
4913.16
4913.23
4913.3
4913.37
4913.44
4913.51
4913.58
4913.65
4913.72
4913.79
4913.86
4913.93
4914
4914.07
4914.14
4914.21
4914.28
4914.35
4914.42
4914.49
4914.56
4914.63
4914.71
4914.78
4914.85
4914.92
4914.99
4915.07
4915.14
4915.21
4915.28
4915.36
4915.43
4915.5
4915.58
4915.65
4915.72
4915.8
4915.87
4915.94
4916.02
4916.09
4916.17
4916.24
4916.32
4916.39
4916.47
4916.54
4916.62
4916.69
4916.77
4916.84
4916.92
4916.99
4917.07
4917.15
4917.22
4917.3
4917.37
4917.45
4917.53
4917.61
4917.68
4917.76
4917.84
4917.91
4917.99
4918.07
4918.15
4918.22
4918.3
4918.38
4918.46
4918.54
4918.62
4918.7
4918.77
4918.85
4918.93
4919.01
4919.09
4919.17
4919.25
4919.33
4919.41
4919.49
4919.57
4919.65
4919.73
4919.81
4919.89
4919.97
4920.05
4920.14
4920.22
4920.3
4920.38
4920.46
4920.54
4920.62
4920.71
4920.79
4920.87
4920.95
4921.04
4921.12
4921.2
4921.28
4921.37
4921.45
4921.53
4921.62
4921.7
4921.78
4921.87
4921.95
4922.04
4922.12
4922.21
4922.29
4922.37
4922.46
4922.54
4922.63
4922.71
4922.8
4922.89
4922.97
4923.06
4923.14
4923.23
4923.31
4923.4
4923.49
4923.57
4923.66
4923.75
4923.83
4923.92
4924.01
4924.09
4924.18
4924.27
4924.36
4924.44
4924.53
4924.62
4924.71
4924.8
4924.89
4924.97
4925.06
4925.15
4925.24
4925.33
4925.42
4925.51
4925.6
4925.69
4925.78
4925.87
4925.96
4926.05
4926.14
4926.23
4926.32
4926.41
4926.5
4926.59
4926.68
4926.77
4926.86
4926.95
4927.04
4927.14
4927.23
4927.32
4927.41
4927.5
4927.59
4927.69
4927.78
4927.87
4927.96
4928.06
4928.15
4928.24
4928.34
4928.43
4928.52
4928.62
4928.71
4928.8
4928.9
4928.99
4929.09
4929.18
4929.27
4929.37
4929.46
4929.56
4929.65
4929.75
4929.84
4929.94
4930.03
4930.13
4930.23
4930.32
4930.42
4930.51
4930.61
4930.71
4930.8
4930.9
4931
4931.09
4931.19
4931.29
4931.38
4931.48
4931.58
4931.67
4931.77
4931.87
4931.97
4932.07
4932.16
4932.26
4932.36
4932.46
4932.56
4932.66
4932.76
4932.85
4932.95
4933.05
4933.15
4933.25
4933.35
4933.45
4933.55
4933.65
4933.75
4933.85
4933.95
4934.05
4934.15
4934.25
4934.35
4934.45
4934.55
4934.66
4934.76
4934.86
4934.96
4935.06
4935.16
4935.27
4935.37
4935.47
4935.57
4935.67
4935.78
4935.88
4935.98
4936.08
4936.19
4936.29
4936.39
4936.5
4936.6
4936.7
4936.81
4936.91
4937.02
4937.12
4937.22
4937.33
4937.43
4937.54
4937.64
4937.75
4937.85
4937.96
4938.06
4938.17
4938.27
4938.38
4938.48
4938.59
4938.69
4938.8
4938.91
4939.01
4939.12
4939.23
4939.33
4939.44
4939.55
4939.65
4939.76
4939.87
4939.98
4940.08
4940.19
4940.3
4940.41
4940.51
4940.62
4940.73
4940.84
4940.95
4941.06
4941.16
4941.27
4941.38
4941.49
4941.6
4941.71
4941.82
4941.93
4942.04
4942.15
4942.26
4942.37
4942.48
4942.59
4942.7
4942.81
4942.92
4943.03
4943.14
4943.25
4943.36
4943.47
4943.59
4943.7
4943.81
4943.92
4944.03
4944.15
4944.26
4944.37
4944.48
4944.59
4944.71
4944.82
4944.93
4945.05
4945.16
4945.27
4945.39
4945.5
4945.61
4945.73
4945.84
4945.95
4946.07
4946.18
4946.3
4946.41
4946.53
4946.64
4946.76
4946.87
4946.99
4947.1
4947.22
4947.33
4947.45
4947.56
4947.68
4947.8
4947.91
4948.03
4948.14
4948.26
4948.38
4948.49
4948.61
4948.73
4948.85
4948.96
4949.08
4949.2
4949.31
4949.43
4949.55
4949.67
4949.79
4949.91
4950.02
4950.14
4950.26
4950.38
4950.5
4950.62
4950.74
4950.86
4950.98
4951.09
4951.21
4951.33
4951.45
4951.57
4951.69
4951.81
4951.94
4952.06
4952.18
4952.3
4952.42
4952.54
4952.66
4952.78
4952.9
4953.02
4953.15
4953.27
4953.39
4953.51
4953.63
4953.76
4953.88
4954
4954.12
4954.25
4954.37
4954.49
4954.62
4954.74
4954.86
4954.99
4955.11
4955.23
4955.36
4955.48
4955.61
4955.73
4955.86
4955.98
4956.11
4956.23
4956.36
4956.48
4956.61
4956.73
4956.86
4956.98
4957.11
4957.23
4957.36
4957.49
4957.61
4957.74
4957.87
4957.99
