0.573604
0.593909
0.57868
0.522843
0.563452
0.588832
0.604061
0.583756
0.563452
0.532995
0.517766
0.598985
0.532995
0.532995
0.568528
0.51269
0.563452
0.57868
0.583756
0.553299
0.543147
0.598985
0.563452
0.593909
0.548223
0.532995
0.563452
0.507614
0.548223
0.532995
0.502538
0.629442
0.588832
0.583756
0.538071
0.57868
0.548223
0.502538
0.563452
0.532995
0.502538
0.563452
0.588832
0.583756
0.604061
0.614213
0.57868
0.573604
0.609137
0.553299
0.573604
0.588832
0.588832
0.614213
0.563452
0.57868
0.57868
0.604061
0.593909
0.593909
0.522843
0.51269
0.517766
0.583756
0.568528
0.588832
0.583756
0.568528
0.492386
0.51269
0.654822
0.543147
0.502538
0.568528
0.472081
0.604061
0.548223
0.604061
0.558376
0.553299
0.593909
0.598985
0.558376
0.522843
0.57868
0.619289
0.548223
0.507614
0.568528
0.568528
0.558376
0.629442
0.522843
0.558376
0.538071
0.57868
0.532995
0.568528
0.619289
0.619289
avg: 0.564518