0.522843
0.573604
0.548223
0.639594
0.57868
0.538071
0.57868
0.57868
0.573604
0.619289
0.598985
0.532995
0.598985
0.614213
0.57868
0.598985
0.507614
0.588832
0.538071
0.593909
0.593909
0.619289
0.619289
0.573604
0.624365
0.583756
0.517766
0.563452
0.598985
0.568528
0.57868
0.553299
0.553299
0.573604
0.543147
0.558376
0.604061
0.548223
0.659898
0.568528
0.588832
0.548223
0.588832
0.558376
0.593909
0.558376
0.629442
0.619289
0.619289
0.588832
0.604061
0.583756
0.593909
0.583756
0.517766
0.57868
0.624365
0.588832
0.573604
0.553299
0.624365
0.588832
0.609137
0.614213
0.57868
0.558376
0.654822
0.619289
0.609137
0.583756
0.558376
0.553299
0.502538
0.629442
0.604061
0.619289
0.522843
0.593909
0.558376
0.609137
0.593909
0.532995
0.548223
0.583756
0.573604
0.573604
0.517766
0.57868
0.583756
0.598985
0.588832
0.563452
0.558376
0.543147
0.588832
0.583756
0.614213
0.624365
0.593909
0.583756
avg: 0.581218