0.593909
0.583756
0.583756
0.573604
0.538071
0.609137
0.558376
0.527919
0.583756
0.538071
0.548223
0.558376
0.604061
0.588832
0.573604
0.51269
0.573604
0.573604
0.553299
0.583756
0.57868
0.583756
0.588832
0.588832
0.532995
0.614213
0.553299
0.543147
0.624365
0.588832
0.583756
0.619289
0.588832
0.624365
0.64467
0.573604
0.593909
0.543147
0.598985
0.629442
0.538071
0.563452
0.583756
0.583756
0.543147
0.588832
0.598985
0.568528
0.517766
0.675127
0.522843
0.568528
0.548223
0.604061
0.614213
0.573604
0.57868
0.51269
0.624365
0.538071
0.527919
0.51269
0.583756
0.57868
0.593909
0.604061
0.588832
0.568528
0.538071
0.558376
0.527919
0.583756
0.558376
0.604061
0.563452
0.558376
0.573604
0.548223
0.583756
0.538071
0.57868
0.634518
0.583756
0.527919
0.573604
0.583756
0.563452
0.598985
0.553299
0.588832
0.543147
0.568528
0.573604
0.604061
0.548223
0.558376
0.568528
0.583756
0.583756
0.583756
avg: 0.57401