0.4865
0.4865
0.4865
0.486
0.486
0.488
0.4875
0.49
0.495
0.501
0.517
0.522
0.5335
0.5405
0.5495
0.556
0.559
0.5675
0.5715
0.5775
0.5815
0.5875
0.5905
0.593
0.6005
0.6055
0.608
0.611
0.613
0.6145
0.617
0.6215
0.6285
0.63
0.635
0.6385
0.6445
0.647
0.6495
0.653
0.655
0.661
0.665
0.6665
0.6695
0.6695
0.6695
0.673
0.674
0.6755
0.6765
0.6785
0.681
0.683
0.682
0.6845
0.686
0.6865
0.6865
0.688
0.6875
0.6885
0.6895
0.691
0.691
0.692
0.693
0.694
0.694
0.693
0.693
0.694
0.695
0.696
0.697
0.697
0.698
0.6985
0.6995
0.7
0.7005
0.701
0.701
0.701
0.701
0.7015
0.7025
0.704
0.704
0.704
0.7045
0.7045
0.7045
0.7045
0.705
0.7045
0.705
0.7075
0.7075
0.707
0.707
0.7075
0.707
0.707
0.707
0.7075
0.7085
0.709
0.709
0.7105
0.711
0.711
0.7115
0.7115
0.7115
0.712
0.7125
0.7125
0.713
0.7135
0.7135
0.7135
0.7135
0.7145
0.7145
0.715
0.7135
0.714
0.7145
0.7155
0.7155
0.716
0.717
0.717
0.717
0.717
0.717
0.7175
0.7185
0.7195
0.7195
0.72
0.72
0.72
0.7205
0.7205
0.7225
0.7245
0.7245
0.7255
0.7255
0.725
0.726
0.726
0.7265
0.7265
0.727
0.727
0.7275
0.7295
0.731
0.7315
0.7335
0.7335
0.7335
0.733
0.7325
0.7345
0.7345
0.7345
0.7365
0.7375
0.7375
0.7395
0.739
0.739
0.74
0.7405
0.742
0.7415
0.742
0.742
0.7425
0.7435
0.7445
0.745
0.7455
0.7455
0.745
0.7445
0.747
0.748
0.749
0.7495
0.7495
0.7515
0.7525
0.754
0.7545
0.754
0.7545
0.754
0.7545
0.7545
0.7555
0.7575
0.7595
0.761
0.76
0.76
0.7595
0.7615
0.763
0.763
0.7635
0.765
0.765
0.765
0.7655
0.7655
0.7655
0.7655
0.765
0.7645
0.7635
0.764
0.765
0.7655
0.7665
0.7655
0.766
0.7655
0.7665
0.7665
0.7675
0.767
0.768
0.768
0.769
0.7695
0.77
0.7705
0.771
0.772
0.7725
0.7725
0.7725
0.772
0.7725
0.7725
0.773
0.772
0.772
0.7725
0.7725
0.7725
0.7725
0.7725
0.7725
0.773
0.774
0.774
0.776
0.777
0.777
0.7765
0.7765
0.7755
0.7765
0.7765
0.7755
0.7755
0.774
0.7735
0.7735
0.7735
0.7735
0.7735
0.7735
0.7735
0.7735
0.7735
0.7745
0.7745
0.774
0.7745
0.7745
0.7755
0.7765
0.7765
0.7765
0.7765
0.7765
0.7765
0.7765
0.777
0.777
0.777
0.7775
0.7775
0.7775
0.7775
0.7775
0.777
0.777
0.7765
0.777
0.777
0.777
0.7775
0.7775
0.7775
0.7775
0.7775
0.7775
0.7775
0.778
0.778
0.778
0.7775
0.7775
0.7775
0.7775
0.7775
0.7775
0.7775
0.7775
0.7775
0.7775
0.7775
0.7775
0.7775
0.7775
0.7775
0.7775
0.7775
0.7775
0.778
0.778
0.778
0.778
0.778
0.778
0.778
0.778
0.7775
0.7775
0.777
0.777
0.777
0.777
0.777
0.777
0.777
0.777
0.777
0.777
0.777
0.777
0.778
0.7775
0.7775
0.7775
0.7775
0.7775
0.7775
0.7775
0.7775
0.7775
0.7775
0.7775
0.7775
0.7775
0.7775
0.7775
0.7775
0.7775
0.7775
0.7775
0.778
0.778
0.778
0.7785
0.7785
0.7785
0.7785
0.7785
0.7785
0.7785
0.7785
0.7785
0.7795
0.7795
0.7795
0.7795
0.7795
0.7795
0.7795
0.7795
0.7795
0.7795
0.7795
0.7795
0.7795
0.7795
0.7795
0.7795
0.7795
0.7795
0.7795
0.7795
0.7795
0.7795
0.7795
0.7795
0.7795
0.7795
0.7795
0.7795
0.7795
0.7795
0.7795
0.7795
0.7795
0.7795
0.7795
0.7795
0.7795
0.7795
0.7795
0.7795
0.7795
0.7795
0.7795
0.7795
0.7795
0.7795
0.7795
0.7795
0.7795
0.779
0.779
0.779
0.779
0.779
0.779
0.779
0.779
0.779
0.779
0.779
0.779
0.779
0.779
0.779
0.779
0.779
0.779
0.779
0.779
0.779
0.779
0.779
0.779
0.779
0.779
0.779
0.779
0.779
0.779
0.779
0.779
0.779
0.779
0.779
0.779
0.779
0.779
0.779
0.779
0.779
0.779
0.779
0.779
0.779
0.779
0.779
0.779
0.779
0.779
0.779
0.779
0.779
0.779
0.779
0.779
0.779
0.779
0.779
0.779
0.779
0.779
0.779
0.779
0.779
0.779
0.779
0.779
0.779
0.779
0.779
0.779
0.779
0.779
0.779
0.779
0.779
0.779
0.779
0.779
0.779
0.779
0.779
0.779
0.779
0.779
0.779
0.779
0.779
0.779
0.779
0.779
0.779
0.779
0.779
0.779
0.779
0.779
0.779
0.779
0.779
0.779
0.779
0.779
0.779
0.779
0.779
0.779
0.7795
0.7795
0.7795
0.7795
0.7795
0.7795
0.7795
0.7795
0.7795
0.7795
0.7795
0.78
0.78
0.78
0.78
0.78
0.78
0.78
0.78
0.78
0.78
0.78
0.78
0.78
0.78
0.78
0.78
0.78
0.78
0.78
0.78
0.78
0.78
0.78
0.78
0.78
0.78
0.78
0.78
0.78
0.78
0.78
0.78
0.78
0.78
0.78
0.78
0.78
0.78
0.78
0.78
0.78
0.78
0.78
0.78
0.78
0.78
0.78
0.78
0.78
0.78
0.78
0.78
0.78
0.78
0.78
0.78
0.78
0.78
0.78
0.78
0.78
0.78
0.78
0.78
0.78
0.78
0.78
0.78
0.78
0.78
0.78
0.78
0.78
0.78
0.78
0.78
0.78
0.78
0.78
0.78
0.78
0.78
0.78
0.78
0.7795
0.7795
0.7795
0.7795
0.7795
0.7795
0.7795
0.7795
0.7795
0.7795
0.7795
0.7795
0.7795
0.7795
0.7795
0.7795
0.7795
0.7795
0.7795
0.7795
0.7795
0.7795
0.7795
0.7795
0.7795
0.7795
0.7795
0.7795
0.7795
0.7795
0.7795
0.7795
0.7795
0.7795
0.7795
0.7795
0.7795
0.7795
0.7795
0.7795
0.7795
0.7795
0.7795
0.7795
0.7795
0.7795
0.7795
0.7795
0.7795
0.7795
0.7795
0.7795
0.7795
0.7795
0.7795
0.7795
0.7795
0.7795
0.7795
0.7795
0.7795
0.7795
0.7795
0.7795
0.7795
0.7795
0.7795
0.7795
0.7795
0.7795
0.7795
0.7795
0.7795
0.7795
0.7795
0.7795
0.7795
0.7795
0.7795
0.7795
0.7795
0.7795
0.7795
0.7795
0.7795
0.7795
0.7795
0.7795
0.7795
0.7795
0.7795
0.7795
0.7795
0.7795
0.7795
0.7795
0.7795
0.7795
0.7795
0.7795
0.7795
0.7795
0.7795
0.7795
0.7795
0.7795
0.7795
0.7795
0.7795
0.7795
0.7795
0.7795
0.7795
0.7795
0.7795
0.7795
0.7795
0.7795
0.7795
0.7795
0.7795
0.7795
0.7795
0.7795
0.7795
0.7795
0.7795
0.7795
0.7795
0.7795
0.7795
0.7795
0.7795
0.7795
0.7795
0.7795
0.779
0.779
0.779
0.779
0.779
0.779
0.779
0.779
0.779
0.779
0.779
0.779
0.779
0.779
0.779
0.779
0.779
0.779
0.779
0.779
0.779
0.779
0.779
0.779
0.779
0.779
0.779
0.779
0.779
0.779
0.779
0.779
0.779
0.779
0.779
0.779
0.779
0.779
0.779
0.779
0.779
0.779
0.779
0.779
0.779
0.779
0.779
0.779
0.779
0.779
0.779
0.779
0.779
0.779
0.779
0.779
0.779
0.779
0.779
0.779
0.779
0.779
0.779
0.779
0.779
0.779
0.779
0.779
0.779
0.779
0.779
0.779
0.779
0.779
0.779
0.779
0.779
0.779
0.779
0.779
0.779
0.779
0.779
0.779
0.779
0.779
0.779
0.779
0.779
0.779
0.779
0.779
0.779
0.779
0.779
0.779
0.779
0.779
0.779
0.779
0.779
0.779
0.779
0.779
0.779
0.779
0.779
0.779
0.779
0.779
0.779
0.779
0.779
0.779
0.779
0.779
0.779
0.779
0.779
0.779
0.779
0.779
0.779
0.779
0.779
0.779
0.779
0.779
0.779
0.779
0.779
0.779
0.779
0.779
0.779
0.779
0.779
0.779
0.779
0.779
0.779
0.779
0.779
0.779
0.779
0.779
0.779
0.779
0.779
0.779
0.779
0.779
0.779
0.779
0.779
0.779
0.779
0.779
0.779
0.779
0.779
0.779
0.779
0.779
0.779
0.779
0.779
0.779
0.779
0.779
0.779
0.779
0.779
0.779
0.779
0.779
0.779
0.779
0.779
0.779
0.779
0.779
0.779
0.779
0.779
0.779
0.779
0.779
0.779
0.779
0.779
0.779
0.779
0.779
0.779
0.779
0.779
0.779
0.779
0.779
0.779
0.779
0.779
0.779
0.779
0.779
0.779
0.779
0.779
0.779
0.779
0.779
0.779
0.779
0.779
0.779
0.779
0.779
0.779
0.779
0.779
