43.9186
30.2589
28.9203
27.6591
26.8995
29.7808
46.3644
155.386
278.32
179.465
137.126
175.68
228.012
246.78
234.622
242.908
283.693
309.353
307.685
277.486
223.076
142.232
108.374
54.4145
36.5515
27.2177
25.7027
22.54
22.0557
23.5081
41.7971
128.737
255.478
144.236
105.151
154.238
212.441
237.943
235.493
247.456
286.471
315.55
309.086
267.277
246.152
171.139
119.343
75.8553
45.761
29.4671
27.7181
24.0061
21.8447
26.0337
49.9515
145.199
264.709
146.756
132.173
162.684
227.626
218.53
213.499
228.825
274.584
304.978
300.906
251.921
186.555
142.232
112.065
60.1025
41.0895
30.9841
25.5929
26.4877
22.6295
25.7798
38.6796
145.226
260.726
150.701
108.906
134.084
177.027
211.941
210.995
219.731
272.05
300.841
298.393
258.558
182.987
135.631
89.5089
57.6025
36.414
29.7543
27.9445
26.2443
24.0738
26.3702
45.1059
162.179
268.992
159.809
113.851
135.54
204.159
211.572
217.207
218.953
283.811
304.546
302.303
276.446
214.995
156.254
119.451
83.9406
72.8291
43.9645
41.2091
38.0624
36.3235
41.1675
70.4692
205.335
293.79
185.474
138.114
162.224
190.237
183.805
177.67
192.741
234.013
298.015
292.251
252.381
188.984
140.027
111.563
73.6122
46.2784
38.4732
35.7486
33.1568
32.058
36.0811
74.4444
189.975
286.678
171.18
125.056
147.612
183.296
176.89
164.042
173.491
229.379
289.525
286.828
219.499
150.739
99.269
54.4877
36.5073
28.601
24.8059
29.1151
26.2188
24.066
25.2486
50.0319
158.355
276.125
156.195
114.429
150.06
185.567
190.55
192.729
207.287
257.203
303.786
292.619
243.963
170.213
135.247
88.0857
49.9027
37.1984
29.7669
26.7906
22.54
22.0557
23.881
40.8208
145.199
262.212
135.309
112.93
139.197
209.698
227.694
220.148
228.825
248.085
300.285
298.746
264.724
159.356
126.083
76.6007
52.4735
32.0687
28.1591
31.5453
29.4576
25.8385
29.2651
49.9515
158.298
278.733
160.167
132.074
159.981
210.558
226.479
217.403
221.968
268.352
304.905
298.025
261.13
195.347
129.412
100.219
55.7684
35.0433
23.8151
24.2973
22.273
21.5233
24.9511
43.8425
162.778
254.676
146.659
130.379
176.022
215.293
227.881
218.838
230.368
275.755
309.62
287.695
229.827
162.825
125.509
91.7974
46.8852
30.6931
26.1077
24.7246
21.8331
21.3938
21.4119
32.9394
97.2115
233.539
116.515
91.677
137.632
191.39
194.664
186.552
189.367
244.846
301.482
295.308
246.035
194.167
106.007
87.3374
49.5956
30.4174
23.9855
22.834
21.0528
21.3216
21.3459
39.4071
110.247
261.127
157.455
134.496
180.046
229.57
250.412
238.511
249.094
282.369
311.11
304.929
268.45
209.065
152.187
114.19
55.7795
35.5208
28.5558
26.8926
28.951
24.6841
25.7798
43.6992
169.671
260.726
177.655
139.781
175.409
215.138
208.489
208.863
217.667
266.758
306.207
298.745
266.651
193.64
146.497
109.85
63.9664
42.6036
33.6397
32.1269
29.9644
27.9369
31.0618
63.5818
185.835
290.69
188.45
164.836
186.33
246.34
256.35
253.987
258.122
267.379
315.964
314.065
298.766
261.816
212.585
179.526
128.945
77.2687
60.6144
49.3876
40.2622
58.474
75.8803
138.22
244.755
303.954
210.645
150.263
183.063
221.768
219.439
204.244
201.654
255.032
305.8
301.592
270.579
214.959
169.789
117.9
76.5497
49.6379
37.5876
31.7642
27.2087
24.3301
29.2651
56.1334
182.09
284.589
160.221
116.851
157.204
196.214
187.641
175.356
184.137
243.322
297.995
289.701
216.66
136.324
88.4734
63.6128
41.8907
28.5186
25.2074
28.05
25.4422
24.8066
26.07
46.0494
155.404
265.084
138.844
101.976
122.945
168.956
190.55
179.566
201.654
239.368
301.364
296.781
249.048
162.734
113.948
67.7433
41.8907
29.079
22.4018
21.4371
19.377
18.8985
18.8465
31.1509
129.806
249.852
129.949
94.7254
123.113
179.278
204.917
208.113
228.825
283.693
311.75
304.339
273.707
251.846
172.496
127.307
87.8451
57.5702
48.3078
38.3191
35.496
38.8761
43.1781
84.2411
217.066
308.207
190.817
171.469
186.33
246.787
240.931
223.093
236.938
279.853
308.396
300.922
269.221
203.665
156.394
121.081
88.3675
25.4818
22.8722
21.3291
20.3677
20.036
20.8767
31.7377
82.773
152.659
88.2898
79.7325
90.2847
99.7522
88.3996
94.375
97.3951
107.928
179.24
167.061
141.199
101.423
84.4384
66.7333
47.0517
