0.009999
0.009998
0.009997
0.009996
0.009995
0.009994
0.009993
0.009992
0.009991
0.00999
0.00998901
0.00998801
0.00998701
0.00998601
0.00998501
0.00998401
0.00998301
0.00998202
0.00998102
0.00998002
0.00997902
0.00997802
0.00997703
0.00997603
0.00997503
0.00997403
0.00997304
0.00997204
0.00997104
0.00997004
0.00996905
0.00996805
0.00996705
0.00996606
0.00996506
0.00996406
0.00996307
0.00996207
0.00996108
0.00996008
0.00995908
0.00995809
0.00995709
0.0099561
0.0099551
0.00995411
0.00995311
0.00995212
0.00995112
0.00995012
0.00994913
0.00994813
0.00994714
0.00994615
0.00994515
0.00994416
0.00994316
0.00994217
0.00994117
0.00994018
0.00993919
0.00993819
0.0099372
0.0099362
0.00993521
0.00993422
0.00993322
0.00993223
0.00993124
0.00993024
0.00992925
0.00992826
0.00992727
0.00992627
0.00992528
0.00992429
0.0099233
0.0099223
0.00992131
0.00992032
0.00991933
0.00991834
0.00991734
0.00991635
0.00991536
0.00991437
0.00991338
0.00991239
0.00991139
0.0099104
0.00990941
0.00990842
0.00990743
0.00990644
0.00990545
0.00990446
0.00990347
0.00990248
0.00990149
0.0099005
0.00989951
0.00989852
0.00989753
0.00989654
0.00989555
0.00989456
0.00989357
0.00989258
0.00989159
0.0098906
0.00988961
0.00988862
0.00988764
0.00988665
0.00988566
0.00988467
0.00988368
0.00988269
0.00988171
0.00988072
0.00987973
0.00987874
0.00987775
0.00987677
0.00987578
0.00987479
0.0098738
0.00987282
0.00987183
0.00987084
0.00986985
0.00986887
0.00986788
0.00986689
0.00986591
0.00986492
0.00986393
0.00986295
0.00986196
0.00986098
0.00985999
0.009859
0.00985802
0.00985703
0.00985605
0.00985506
0.00985408
0.00985309
0.0098521
0.00985112
0.00985013
0.00984915
0.00984816
0.00984718
0.0098462
0.00984521
0.00984423
0.00984324
0.00984226
0.00984127
0.00984029
0.00983931
0.00983832
0.00983734
0.00983635
0.00983537
0.00983439
0.0098334
0.00983242
0.00983144
0.00983045
0.00982947
0.00982849
0.00982751
0.00982652
0.00982554
0.00982456
0.00982357
0.00982259
0.00982161
0.00982063
0.00981965
0.00981866
0.00981768
0.0098167
0.00981572
0.00981474
0.00981376
0.00981277
0.00981179
0.00981081
0.00980983
0.00980885
0.00980787
0.00980689
0.00980591
0.00980493
0.00980395
0.00980297
0.00980199
0.00980101
0.00980003
0.00979905
0.00979807
0.00979709
0.00979611
0.00979513
0.00979415
0.00979317
0.00979219
0.00979121
0.00979023
0.00978925
0.00978827
0.00978729
0.00978632
0.00978534
0.00978436
0.00978338
0.0097824
0.00978142
0.00978045
0.00977947
0.00977849
0.00977751
0.00977653
0.00977556
0.00977458
0.0097736
0.00977262
0.00977165
0.00977067
0.00976969
0.00976872
0.00976774
0.00976676
0.00976579
0.00976481
0.00976383
0.00976286
0.00976188
0.0097609
0.00975993
0.00975895
0.00975798
0.009757
0.00975603
0.00975505
0.00975407
0.0097531
0.00975212
0.00975115
0.00975017
0.0097492
0.00974822
0.00974725
0.00974627
0.0097453
0.00974433
0.00974335
0.00974238
0.0097414
0.00974043
0.00973945
0.00973848
0.00973751
0.00973653
0.00973556
0.00973459
0.00973361
0.00973264
0.00973167
0.00973069
0.00972972
0.00972875
0.00972777
0.0097268
0.00972583
0.00972486
0.00972388
0.00972291
0.00972194
0.00972097
0.00971999
0.00971902
0.00971805
0.00971708
0.00971611
0.00971514
0.00971416
0.00971319
0.00971222
0.00971125
0.00971028
0.00970931
0.00970834
0.00970737
0.0097064
0.00970543
0.00970446
0.00970348
0.00970251
0.00970154
0.00970057
0.0096996
0.00969863
0.00969766
0.00969669
0.00969573
0.00969476
0.00969379
0.00969282
0.00969185
0.00969088
0.00968991
0.00968894
0.00968797
0.009687
0.00968603
0.00968507
0.0096841
0.00968313
0.00968216
0.00968119
0.00968022
0.00967926
0.00967829
0.00967732
0.00967635
0.00967539
0.00967442
0.00967345
0.00967248
0.00967152
0.00967055
0.00966958
0.00966862
0.00966765
0.00966668
0.00966572
0.00966475
0.00966378
0.00966282
0.00966185
0.00966088
0.00965992
0.00965895
0.00965799
0.00965702
0.00965605
0.00965509
0.00965412
0.00965316
0.00965219
0.00965123
0.00965026
0.0096493
0.00964833
0.00964737
0.0096464
0.00964544
0.00964447
0.00964351
0.00964255
0.00964158
0.00964062
0.00963965
0.00963869
0.00963773
0.00963676
0.0096358
0.00963483
0.00963387
0.00963291
0.00963194
0.00963098
0.00963002
0.00962906
0.00962809
0.00962713
0.00962617
0.0096252
0.00962424
0.00962328
0.00962232
0.00962135
0.00962039
0.00961943
0.00961847
0.00961751
0.00961655
0.00961558
0.00961462
0.00961366
0.0096127
0.00961174
0.00961078
0.00960982
0.00960886
0.00960789
0.00960693
0.00960597
0.00960501
0.00960405
0.00960309
0.00960213
0.00960117
0.00960021
0.00959925
0.00959829
0.00959733
0.00959637
0.00959541
0.00959445
0.00959349
0.00959253
0.00959157
0.00959062
0.00958966
0.0095887
0.00958774
0.00958678
0.00958582
0.00958486
0.0095839
0.00958295
0.00958199
0.00958103
0.00958007
0.00957911
0.00957816
0.0095772
0.00957624
0.00957528
0.00957433
0.00957337
0.00957241
0.00957145
0.0095705
0.00956954
0.00956858
0.00956763
0.00956667
0.00956571
0.00956476
0.0095638
0.00956284
0.00956189
0.00956093
0.00955997
0.00955902
0.00955806
0.00955711
0.00955615
0.0095552
0.00955424
0.00955329
0.00955233
0.00955137
0.00955042
0.00954946
0.00954851
0.00954755
0.0095466
0.00954565
0.00954469
0.00954374
0.00954278
0.00954183
0.00954087
0.00953992
0.00953897
0.00953801
0.00953706
0.0095361
0.00953515
0.0095342
0.00953324
0.00953229
0.00953134
0.00953038
0.00952943
0.00952848
0.00952753
0.00952657
0.00952562
0.00952467
0.00952372
0.00952276
0.00952181
0.00952086
0.00951991
0.00951896
0.009518
0.00951705
0.0095161
0.00951515
0.0095142
0.00951325
0.00951229
0.00951134
0.00951039
0.00950944
0.00950849
