34824.4
30221.1
26088.6
23223.5
21372.8
20194.8
19444.9
18962.8
18645.6
18427
18263.5
18124.9
17987.7
17830.9
17633.7
17379.3
17068.1
16727.5
16387.6
16052.1
15709.2
15348.5
14964.5
14557.2
14129.7
13687.5
13236.9
12784.4
12336.5
11899.1
11477.5
11076
10697.8
10344.7
10017.3
9715.17
9437.09
9181.57
8947.01
8731.78
8534.29
8353.03
8186.58
8033.62
7892.97
7763.57
7644.58
7535.75
7438.23
7358.11
7315.96
7384.71
7765.86
9139.22
11963.1
16371.7
13244.9
13404.7
10041.5
9162.62
8141.8
7768.02
7399.89
7252.57
7076.98
7001.23
6898.69
6853.73
6785.25
6757.87
6708.23
6693.99
6656.54
6654.57
6626.01
6637
6614.89
6639.55
6620.63
6657.78
6636.59
6681
6650
6691.75
6644.24
6672.14
6606.89
6614.75
6537.88
6527.65
6448.9
6427.52
6354.8
6329.1
6266.13
6240.39
6187.53
6163.67
6119.62
6098.17
6061.21
6042.1
6010.65
5993.6
5966.39
5951.09
5927.15
5913.33
5891.94
5879.38
5860
5848.54
5830.76
5820.25
5803.77
5794.1
5778.67
5769.75
5755.2
5746.96
5733.11
5725.49
5712.22
5705.15
5692.36
5685.79
5673.39
5667.27
5655.18
5649.47
5637.62
5632.27
5620.62
5615.58
5604.09
5599.33
5587.98
5583.46
5572.22
5567.91
5556.79
5552.66
5541.65
5537.69
5526.8
5522.97
5512.22
5508.52
5497.92
5494.33
5483.9
5480.41
5470.17
5466.79
5456.75
5453.45
5443.64
5440.43
5430.85
5427.73
5418.39
5415.35
5406.26
5403.3
5394.46
5391.58
5383
5380.2
5371.87
5369.14
5361.07
5358.41
5350.58
5348
5340.41
5337.9
5330.54
5328.1
5320.96
5318.59
5311.67
5309.36
5302.65
5300.41
5293.9
5291.71
5285.39
5283.26
5277.12
5275.05
5269.09
5267.06
5261.27
5259.29
5253.66
5251.73
5246.25
5244.36
5239.03
5237.19
5232
5230.19
5225.13
5223.36
5218.43
5216.69
5211.89
5210.18
5205.5
5203.81
5199.25
5197.59
5193.14
5191.5
5187.15
5185.54
5181.3
5179.7
5175.56
5173.98
5169.94
5168.37
5164.43
5162.87
5159.02
5157.48
5153.71
5152.18
5148.51
5146.98
5143.39
5141.88
5138.37
5136.86
5133.43
5131.93
5128.58
5127.09
5123.81
5122.32
5119.13
5117.63
5114.51
5113.02
5109.97
5108.49
5105.51
5104.02
5101.11
5099.63
5096.78
5095.3
5092.52
5091.04
5088.32
5086.84
5084.19
5082.71
5080.12
5078.64
5076.1
5074.62
5072.15
5070.67
5068.24
5066.77
5064.4
5062.92
5060.61
5059.13
5056.87
5055.39
5053.18
5051.7
5049.54
5048.06
5045.94
5044.47
5042.39
5040.93
5038.89
5037.43
5035.43
5033.97
5032.01
5030.56
5028.64
5027.18
5025.3
5023.85
5022
5020.56
5018.74
5017.3
5015.51
5014.08
5012.32
5010.89
5009.17
5007.74
5006.04
5004.62
5002.95
5001.54
4999.89
4998.48
4996.86
4995.46
4993.87
4992.47
4990.9
4989.51
4987.96
4986.58
4985.06
4983.69
4982.18
4980.82
4979.33
4977.98
4976.51
4975.17
4973.72
4972.39
4970.96
4969.64
4968.23
4966.92
4965.53
4964.23
4962.86
4961.57
4960.22
4958.94
4957.61
4956.34
4955.02
4953.77
4952.47
4951.22
4949.94
4948.71
4947.44
4946.22
4944.97
4943.77
4942.53
4941.34
4940.12
4938.93
4937.73
4936.56
4935.37
4934.21
4933.04
4931.9
4930.74
4929.6
4928.46
4927.34
4926.21
4925.09
4923.98
4922.88
4921.78
4920.69
4919.6
4918.52
4917.45
4916.38
4915.32
4914.26
4913.21
4912.17
4911.13
4910.09
4909.06
4908.04
4907.02
4906.01
4905
4904
4903.01
4902.01
4901.03
4900.05
4899.07
4898.1
4897.13
4896.16
4895.2
4894.25
4893.3
4892.35
4891.41
4890.48
4889.54
4888.61
4887.69
4886.76
4885.85
4884.93
4884.02
4883.11
4882.21
4881.31
4880.41
4879.52
4878.63
4877.74
4876.86
4875.98
4875.1
4874.23
4873.36
4872.49
4871.62
4870.76
4869.9
4869.04
4868.18
4867.33
4866.48
4865.63
4864.79
4863.95
4863.11
4862.27
4861.43
4860.6
4859.77
4858.94
4858.11
4857.28
4856.46
4855.64
4854.82
4854
4853.18
4852.37
4851.56
4850.75
4849.94
4849.13
4848.32
4847.52
4846.72
4845.92
4845.12
4844.32
4843.52
4842.72
4841.93
4841.14
4840.35
4839.56
4838.77
4837.98
4837.19
4836.41
4835.62
4834.84
4834.06
4833.28
4832.5
4831.72
4830.94
4830.16
4829.39
4828.61
4827.84
4827.07
4826.29
4825.52
4824.75
4823.98
4823.21
4822.45
4821.68
4820.91
4820.15
4819.38
4818.62
4817.86
4817.1
4816.34
4815.58
4814.82
4814.06
4813.3
4812.54
4811.79
4811.03
4810.27
4809.52
4808.77
4808.01
4807.26
4806.51
4805.76
4805.01
4804.26
4803.51
