21711.4
18386.3
15446
13510.4
12386.6
11780.7
11481.4
11353.3
11313.1
11309.9
11312
11298.9
11254.6
11164.9
11016.3
10802.2
10537.6
10264
10015.9
9790.41
9567.8
9333.91
9083.44
8817.13
8539.36
8256.29
7974.58
7700.39
7438.8
7193.77
6968.12
6763.75
6581.51
6421.28
6281.75
6161.02
6056.55
5966.57
5888.39
5821.79
5762.73
5714.84
5668.16
5638.14
5593.88
5590.05
5524.6
5583.47
5426.59
5680.61
5218.55
6158.96
4843.83
8427.73
5558.74
14572.5
6390.77
11623.3
5377.95
8011.86
4934.86
6876.23
4929.71
6498.13
4983.39
6337.49
5023.77
6264.55
5040.67
6239.29
5035.34
6247.3
5011.38
6283.23
4972.93
6344.46
4924.64
6426.98
4871.99
6521.63
4821.32
6611.22
4778.94
6672.05
4749.81
6682.68
4736.64
6636.38
4739.69
6545.39
4756.67
6432.15
4783.16
6316.78
4814.04
6211.18
4845.01
6119.92
4873.36
6043.3
4897.75
5979.79
4917.82
5927.37
4933.74
5884.11
4945.93
5848.37
4954.89
5818.76
4961.15
5794.2
4965.17
5773.77
4967.38
5756.74
4968.15
5742.47
4967.81
5730.45
4966.66
5720.22
4964.93
5711.38
4962.84
5703.57
4960.59
5696.5
4958.33
5689.89
4956.2
5683.51
4954.3
5677.16
4952.73
5670.68
4951.53
5663.96
4950.76
5656.92
4950.42
5649.5
4950.51
5641.68
4951.02
5633.47
4951.92
5624.9
4953.16
5616.01
4954.71
5606.86
4956.5
5597.5
4958.5
5588
4960.64
5578.41
4962.89
5568.8
4965.2
5559.21
4967.52
5549.68
4969.83
5540.27
4972.1
5530.98
4974.29
5521.86
4976.39
5512.91
4978.38
5504.15
4980.25
5495.58
4981.99
5487.21
4983.6
5479.03
4985.06
5471.04
4986.39
5463.24
4987.58
5455.61
4988.63
5448.15
4989.55
5440.84
4990.34
5433.68
4991
5426.66
4991.55
5419.76
4991.99
5412.97
4992.33
5406.28
4992.56
5399.69
4992.71
5393.18
4992.77
5386.74
4992.76
5380.37
4992.68
5374.05
4992.53
5367.79
4992.32
5361.57
4992.06
5355.39
4991.75
5349.24
4991.4
5343.12
4991.02
5337.03
4990.6
5330.96
4990.15
5324.91
4989.68
5318.88
4989.19
5312.87
4988.68
5306.87
4988.15
5300.88
4987.62
5294.91
4987.07
5288.95
4986.52
5283.01
4985.97
5277.08
4985.41
5271.17
4984.85
5265.27
4984.3
5259.39
4983.74
5253.54
4983.19
5247.7
4982.64
5241.88
4982.09
5236.09
4981.55
5230.32
4981.02
5224.59
4980.48
5218.88
4979.96
5213.2
4979.43
5207.56
4978.91
5201.95
4978.39
5196.38
4977.88
5190.84
4977.36
5185.35
4976.84
5179.91
4976.32
5174.5
4975.8
5169.15
4975.27
5163.84
4974.74
5158.59
4974.19
5153.38
4973.64
5148.23
4973.07
5143.14
4972.49
5138.1
4971.89
5133.11
4971.28
5128.19
4970.65
5123.32
4969.99
5118.51
4969.32
5113.77
4968.63
5109.08
4967.91
5104.45
4967.18
5099.88
4966.42
5095.37
4965.64
5090.91
4964.84
5086.52
4964.03
5082.18
4963.2
5077.9
4962.36
5073.68
4961.51
5069.51
4960.66
5065.4
4959.8
5061.34
4958.94
5057.34
4958.08
5053.38
4957.23
5049.49
4956.39
5045.64
4955.56
5041.85
4954.74
5038.11
4953.94
5034.42
4953.16
5030.78
4952.4
5027.19
4951.66
5023.66
4950.95
5020.18
4950.25
5016.75
4949.58
5013.38
4948.93
5010.05
4948.3
5006.79
4947.69
5003.57
4947.1
5000.42
4946.53
4997.32
4945.97
4994.27
4945.43
4991.29
4944.9
4988.36
4944.38
4985.49
4943.87
4982.68
4943.36
4979.93
4942.86
4977.25
4942.35
4974.63
4941.85
4972.07
4941.35
4969.57
4940.84
4967.14
4940.32
4964.77
4939.8
4962.47
4939.27
4960.24
4938.72
4958.07
4938.17
4955.96
4937.6
4953.92
4937.02
4951.94
4936.42
4950.02
4935.81
4948.17
4935.18
4946.38
4934.54
4944.65
4933.88
4942.97
4933.21
4941.36
4932.53
4939.8
4931.83
4938.29
4931.11
4936.84
4930.39
4935.44
4929.66
4934.08
4928.91
4932.78
4928.16
4931.52
4927.41
4930.3
4926.64
4929.12
4925.87
4927.98
4925.1
4926.88
4924.33
4925.81
4923.55
4924.78
4922.78
4923.78
4922.01
4922.81
4921.24
4921.87
4920.48
4920.95
4919.72
4920.07
4918.96
4919.2
4918.22
4918.36
4917.48
4917.54
4916.75
4916.74
4916.03
4915.97
4915.31
4915.21
4914.61
4914.47
4913.92
4913.74
4913.24
4913.04
4912.57
4912.35
4911.91
4911.67
4911.26
4911.01
4910.63
4910.37
4910
4909.74
4909.39
4909.12
4908.79
4908.52
4908.2
4907.93
4907.62
4907.36
4907.06
4906.79
4906.5
4906.24
4905.96
4905.7
4905.43
4905.18
4904.91
4904.66
4904.4
4904.16
4903.91
4903.67
4903.42
4903.19
4902.95
4902.72
4902.49
4902.26
4902.03
