50.945
33.9603
24.8805
16.1513
13.2329
21.3924
61.9258
149.552
270.745
178.678
142.711
171.314
228.287
256.037
243.367
251.558
316.017
392.568
377.592
279.61
207.472
128.793
103.009
64.5572
48.4248
33.8769
25.2267
16.6938
13.5104
22.0602
59.9269
134.368
244.978
156.555
115.24
155.156
212.58
247.282
247.766
259.072
325.137
453.98
399.422
256.543
247.936
158
110.495
76.7231
51.5156
33.8926
24.9229
16.3012
13.5221
21.5526
63.8619
145.535
252.268
151.316
142.637
160.268
232.702
216.512
215.691
234.69
295.936
378.73
341.898
230.558
163.817
128.793
106.813
68.0601
49.8859
33.8759
25.169
16.0393
13.2983
21.5568
57.9916
152.188
256.734
164.949
124.575
137.505
178.05
221.839
226.574
234.783
301.618
369.648
351.451
261.671
169.574
132.955
93.0405
68.5192
47.9211
33.7577
24.8631
15.9645
13.0053
21.3789
61.3904
176.299
282.925
179.424
135.11
145.008
218.784
225.966
239.473
241.707
335.152
395.681
383.284
314.901
231.484
170.683
134.688
97.0013
72.7169
37.9619
27.421
18.0031
14.7366
24.0824
82.9014
246.476
351.176
209.13
170.546
192.274
218.707
208.131
209.118
226.92
260.825
385.372
358.655
275.138
202.836
154.722
131.449
89.3334
54.0048
36.4465
26.2941
16.9508
13.8183
22.8979
89.4186
227.844
335.056
198.474
158.234
175.409
207.569
196.872
187.602
192.308
244.993
343.964
326.96
197.344
135.197
94.0235
63.794
54.5282
45.1615
33.5712
24.7968
16.088
13.2117
21.7113
63.9869
150.412
259.402
149.271
113.173
136.997
163.946
167.874
179.339
197.818
248.38
353.767
301.276
212.245
144.083
120.823
84.3031
61.8709
48.9216
34.1037
25.1292
16.6938
13.5104
21.9968
59.3698
145.535
253.786
144.089
122.924
135.907
207.357
232.799
226.311
234.69
246.845
353.127
340.552
260.271
143.475
117.863
80.0891
64.1351
46.5915
33.7799
24.9262
16.1919
13.1258
21.3746
63.8619
152.955
278.975
161.393
139.029
151.26
195.945
212.194
204.827
209.321
259.365
344.944
309.954
227.886
157.391
108.066
87.818
64.5917
48.8336
34.4335
25.7288
16.9858
13.8511
22.0057
61.9074
153.809
225.041
144.102
129.435
160.295
195.906
213.782
206.327
217.694
276.889
375.63
281.841
192.741
135.371
109.268
85.4562
60.6209
46.8889
34.1054
25.5454
17.0236
13.7953
22.9803
55.9694
109.975
197.42
113.879
96.074
127.296
173.4
178.571
178.502
181.052
234.847
348.52
317.136
219.751
170.406
99.7221
85.4309
62.063
46.3636
33.9749
25.9084
17.3166
13.7543
22.9461
58.863
117.399
237.631
157.615
139.113
175.019
227.435
259.669
246.784
257.149
309.093
402.025
353.809
255.857
186.093
134.907
104.295
65.552
48.019
33.8598
25.0393
16.1512
13.1038
21.5568
60.6965
174.978
256.734
184.174
149.975
178.023
217.733
206.491
215.989
224.362
283.716
380.864
340.768
266.053
177.559
136.92
106.505
70.8514
50.3253
34.0814
24.8419
16.071
13.0034
21.2006
71.2437
192.706
318.235
195.509
179.855
200.226
270.227
280.047
275.1
279.983
303.783
479.487
456.092
378.68
300.584
237.022
199.397
138.854
75.5062
45.9475
30.3672
18.584
22.7074
38.5789
129.393
267.098
354.952
209.481
153.718
175.225
212.042
204.997
194.886
187.561
242.75
361.632
335.805
256.789
191.95
152.811
106.779
76.7237
52.9332
34.6659
24.8884
16.1197
13.1923
21.3746
66.5259
175.4
287.128
157.808
116.417
140.656
173.277
163.24
152.927
160.451
218.247
321.7
287.27
182.822
118.102
85.1824
68.7673
57.9084
45.9561
34.0602
25.1812
16.3387
13.3382
21.7829
62.3676
147.424
247.784
136.148
103.164
108.716
148.418
167.874
162.924
187.561
213.794
335.575
311.282
217.551
136.98
102.074
71.1304
57.9084
46.1592
34.0924
26.3851
18.3227
15.0596
24.5628
54.826
130.846
219.554
127.425
98.0565
111.441
162.537
190.601
205.846
234.69
316.017
417.699
360.328
275.402
260.598
163.462
122.666
86.8935
56.7576
37.2535
25.6415
16.928
15.0015
23.4772
85.3597
235.405
381.431
201.244
186.7
200.226
267.494
257.718
240.848
253.355
318.16
406.167
359.754
278.693
194.043
151.167
121.392
91.1146
20.1508
12.5792
8.93589
5.87954
4.75797
8.1559
36.8032
98.4755
177.331
131.493
119.7
128.038
133.658
124.112
131.705
134.636
129.876
193.181
178.258
158.586
128.679
115.588
100.5
71.508
44.8914
16.8103
19.7502
13.0093
4.74237
8.1559
36.8032
92.8641
180.18
128.183
102.554
120.66
151.571
142.293
137.464
146.875
155.683
227.253
214.852
160.14
116.948
101.378
59.837
49.8285
26.1099
13.8647
7.63035
4.80211
3.82411
5.0201
41.2976
108.35
192.747
136.101
110.72
119.072
133.405
133.239
126.513
123.809
140.057
201.587
185.163
128.232
85.2861
70.5928
59.0498
39.5102
18.5313
10.1468
6.43394
3.76571
2.92656
5.31338
28.5726
84.5759
161.916
118.896
84.8833
97.2849
117.294
112.195
106.909
106.179
120.467
176.403
176.474
118.892
74.1074
57.5473
50.2058
29.0377
13.2285
5.37582
3.10211
1.67566
2.12208
20.5378
65.5621
129.696
90.7911
60.7936
80.6141
84.226
92.7918
97.4964
102.993
126.876
184.461
153.1
121.955
96.4049
69.9722
49.7283
29.9378
12.8991
7.28057
8.84481
4.37457
8.03194
36.3121
106.986
189.23
126.196
94.8742
96.8572
118.427
132.636
127.938
130.787
129.859
196.98
177.308
110.377
87.1357
58.1804
47.8993
29.18
14.2225
6.30112
3.72545
3.07977
2.23237
3.96788
28.6145
89.1915
172.614
121.41
87.8108
90.8881
89.0503
81.0721
118.548
121.341
136.513
189.79
167.045
106.062
75.3156
63.6385
52.9116
30.5317
17.182
8.23445
5.97363
3.71662
5.24004
33.2957
98.3186
177.371
120.768
92.4398
107.329
108.538
109.601
100.746
105.154
111.955
180.269
151.031
99.3818
71.3031
53.1195
45.0609
26.6322
13.2296
5.39174
3.06303
1.35447
1.03754
2.41643
22.5887
63.1173
149.423
90.1801
60.2544
68.7104
87.3294
92.7006
98.1818
98.2263
107.642
167.694
158.946
116.24
75.1813
62.4896
50.1898
35.2329
15.7364
6.74577
3.33033
1.73674
1.2689
2.43279
23.3858
72.1439
149.354
107.158
78.9683
88.3799
107.304
116.043
129.839
139.265
153.52
216.334
176.642
125.18
93.447
84.1402
