0.00999
0.00998002
0.00997004
0.00996008
0.00995012
0.00994018
0.00993024
0.00992032
0.0099104
0.0099005
0.0098906
0.00988072
0.00987084
0.00986098
0.00985112
0.00984127
0.00983144
0.00982161
0.00981179
0.00980199
0.00979219
0.0097824
0.00977262
0.00976286
0.0097531
0.00974335
0.00973361
0.00972388
0.00971416
0.00970446
0.00969476
0.00968507
0.00967539
0.00966572
0.00965605
0.0096464
0.00963676
0.00962713
0.00961751
0.00960789
0.00959829
0.0095887
0.00957911
0.00956954
0.00955997
0.00955042
0.00954087
0.00953134
0.00952181
0.00951229
0.00950279
0.00949329
0.0094838
0.00947432
0.00946485
0.00945539
0.00944594
0.0094365
0.00942707
0.00941765
0.00940823
0.00939883
0.00938943
0.00938005
0.00937067
0.00936131
0.00935195
0.0093426
0.00933327
0.00932394
0.00931462
0.00930531
0.00929601
0.00928672
0.00927743
0.00926816
0.0092589
0.00924964
0.0092404
0.00923116
0.00922194
0.00921272
0.00920351
0.00919431
0.00918512
0.00917594
0.00916677
0.00915761
0.00914846
0.00913931
0.00913018
0.00912105
0.00911194
0.00910283
0.00909373
0.00908464
0.00907556
0.00906649
0.00905743
0.00904837
0.00903933
0.0090303
0.00902127
0.00901225
0.00900325
0.00899425
0.00898526
0.00897628
0.0089673
0.00895834
0.00894939
0.00894044
0.00893151
0.00892258
0.00891366
0.00890475
0.00889585
0.00888696
0.00887808
0.0088692
0.00886034
0.00885148
0.00884264
0.0088338
0.00882497
0.00881615
0.00880734
0.00879853
0.00878974
0.00878095
0.00877218
0.00876341
0.00875465
0.0087459
0.00873716
0.00872843
0.0087197
0.00871099
0.00870228
0.00869358
0.00868489
0.00867621
0.00866754
0.00865888
0.00865022
0.00864158
0.00863294
0.00862431
0.00861569
0.00860708
0.00859848
0.00858988
0.0085813
0.00857272
0.00856415
0.00855559
0.00854704
0.0085385
0.00852996
0.00852144
0.00851292
0.00850441
0.00849591
0.00848742
0.00847894
0.00847046
0.008462
0.00845354
0.00844509
0.00843665
0.00842822
0.00841979
0.00841138
0.00840297
0.00839457
0.00838618
0.0083778
0.00836942
0.00836106
0.0083527
0.00834435
0.00833601
0.00832768
0.00831936
0.00831104
0.00830274
0.00829444
0.00828615
0.00827787
0.00826959
0.00826133
0.00825307
0.00824482
0.00823658
0.00822835
0.00822012
0.00821191
0.0082037
0.0081955
0.00818731
0.00817912
0.00817095
0.00816278
0.00815462
0.00814647
0.00813833
0.0081302
0.00812207
0.00811395
0.00810584
0.00809774
0.00808965
0.00808156
0.00807348
0.00806541
0.00805735
0.0080493
0.00804125
0.00803322
0.00802519
0.00801717
0.00800915
0.00800115
0.00799315
0.00798516
0.00797718
0.00796921
0.00796124
0.00795329
0.00794534
0.00793739
0.00792946
0.00792154
0.00791362
0.00790571
0.00789781
0.00788991
0.00788203
0.00787415
0.00786628
0.00785842
0.00785056
0.00784272
0.00783488
0.00782705
0.00781922
0.00781141
0.0078036
0.0077958
0.00778801
0.00778022
0.00777245
0.00776468
0.00775692
0.00774916
0.00774142
0.00773368
0.00772595
0.00771823
0.00771052
0.00770281
0.00769511
0.00768742
0.00767974
0.00767206
0.00766439
0.00765673
0.00764908
0.00764143
0.00763379
0.00762616
0.00761854
0.00761093
0.00760332
0.00759572
0.00758813
0.00758054
0.00757297
0.0075654
0.00755784
0.00755028
0.00754274
0.0075352
0.00752767
0.00752014
0.00751263
0.00750512
0.00749762
0.00749012
0.00748264
0.00747516
0.00746769
0.00746022
0.00745276
0.00744532
0.00743787
0.00743044
0.00742301
0.00741559
0.00740818
0.00740078
0.00739338
0.00738599
0.00737861
0.00737123
0.00736387
0.00735651
0.00734915
0.00734181
0.00733447
0.00732714
0.00731982
0.0073125
0.00730519
0.00729789
0.00729059
0.00728331
0.00727603
0.00726876
0.00726149
0.00725423
0.00724698
0.00723974
0.0072325
0.00722527
0.00721805
0.00721084
0.00720363
0.00719643
0.00718924
0.00718205
0.00717487
0.0071677
0.00716054
0.00715338
0.00714623
0.00713909
0.00713195
0.00712482
0.0071177
0.00711059
0.00710348
0.00709638
0.00708929
0.0070822
0.00707512
0.00706805
0.00706099
0.00705393
0.00704688
0.00703984
0.0070328
0.00702577
0.00701875
0.00701173
0.00700473
0.00699772
0.00699073
0.00698374
0.00697676
0.00696979
0.00696282
0.00695586
0.00694891
0.00694197
0.00693503
0.0069281
0.00692117
0.00691425
0.00690734
0.00690044
0.00689354
0.00688665
0.00687977
0.00687289
0.00686602
0.00685916
0.00685231
0.00684546
0.00683861
0.00683178
0.00682495
0.00681813
0.00681131
0.00680451
0.00679771
0.00679091
0.00678412
0.00677734
0.00677057
0.0067638
0.00675704
0.00675029
0.00674354
0.0067368
0.00673007
0.00672334
0.00671662
0.00670991
0.0067032
0.0066965
0.00668981
0.00668312
0.00667644
0.00666977
0.0066631
0.00665644
0.00664979
0.00664314
0.0066365
0.00662987
0.00662324
0.00661662
0.00661001
0.0066034
0.0065968
0.00659021
0.00658362
0.00657704
0.00657047
0.0065639
0.00655734
0.00655079
0.00654424
0.0065377
0.00653116
0.00652464
0.00651811
0.0065116
0.00650509
0.00649859
0.00649209
0.0064856
0.00647912
0.00647265
0.00646618
0.00645971
0.00645326
0.00644681
0.00644036
0.00643393
0.0064275
0.00642107
0.00641465
0.00640824
0.00640184
0.00639544
0.00638905
0.00638266
0.00637628
0.00636991
0.00636354
0.00635718
0.00635083
0.00634448
0.00633814
0.0063318
0.00632547
0.00631915
0.00631284
0.00630653
0.00630022
0.00629393
0.00628764
0.00628135
0.00627507
0.0062688
0.00626254
0.00625628
0.00625002
0.00624378
0.00623754
0.0062313
0.00622507
0.00621885
0.00621263
0.00620643
0.00620022
0.00619402
0.00618783
0.00618165
0.00617547
0.0061693
0.00616313
0.00615697
0.00615082
0.00614467
0.00613853
0.00613239
0.00612626
0.00612014
0.00611402
0.00610791
0.00610181
0.00609571
0.00608962
0.00608353
0.00607745
0.00607137
0.00606531
0.00605924
0.00605319
0.00604714
0.00604109
0.00603506
0.00602902
0.006023
0.00601698
0.00601096
0.00600496
0.00599895
0.00599296
0.00598697
0.00598098
0.00597501
0.00596903
0.00596307
0.00595711
0.00595115
0.00594521
0.00593926
0.00593333
0.0059274
0.00592147
0.00591555
0.00590964
0.00590373
0.00589783
0.00589194
0.00588605
0.00588017
0.00587429
0.00586842
0.00586255
0.00585669
0.00585084
0.00584499
0.00583915
0.00583331
0.00582748
0.00582166
0.00581584
0.00581003
0.00580422
0.00579842
0.00579262
0.00578683
0.00578105
0.00577527
0.0057695
0.00576373
0.00575797
0.00575222
0.00574647
0.00574072
0.00573498
0.00572925
0.00572353
0.00571781
0.00571209
0.00570638
0.00570068
0.00569498
0.00568929
0.0056836
0.00567792
0.00567225
0.00566658
0.00566091
0.00565525
0.0056496
0.00564396
0.00563831
0.00563268
0.00562705
0.00562142
0.00561581
0.00561019
0.00560459
0.00559898
0.00559339
0.0055878
0.00558221
0.00557663
0.00557106
0.00556549
0.00555993
0.00555437
0.00554882
0.00554327
0.00553773
0.0055322
0.00552667
0.00552114
0.00551563
0.00551011
0.00550461
0.0054991
0.00549361
0.00548812
0.00548263
0.00547715
0.00547168
0.00546621
0.00546074
0.00545529
0.00544983
0.00544439
0.00543894
0.00543351
0.00542808
0.00542265
0.00541723
0.00541182
0.00540641
0.00540101
0.00539561
0.00539021
0.00538483
0.00537944
0.00537407
0.0053687
0.00536333
0.00535797
0.00535261
0.00534726
0.00534192
0.00533658
0.00533125
0.00532592
0.00532059
0.00531528
0.00530996
0.00530466
0.00529935
0.00529406
0.00528877
0.00528348
0.0052782
0.00527292
0.00526765
0.00526239
0.00525713
0.00525187
0.00524663
0.00524138
0.00523614
0.00523091
0.00522568
0.00522046
0.00521524
0.00521003
0.00520482
0.00519962
0.00519442
0.00518923
0.00518404
0.00517886
0.00517368
0.00516851
0.00516335
0.00515819
0.00515303
0.00514788
0.00514274
0.0051376
0.00513246
0.00512733
0.00512221
0.00511709
0.00511197
0.00510686
0.00510176
0.00509666
0.00509156
0.00508648
0.00508139
0.00507631
0.00507124
0.00506617
0.00506111
0.00505605
0.00505099
0.00504595
0.0050409
0.00503586
0.00503083
0.0050258
0.00502078
0.00501576
0.00501075
0.00500574
0.00500074
0.00499574
0.00499074
0.00498576
0.00498077
0.00497579
0.00497082
0.00496585
0.00496089
0.00495593
0.00495098
0.00494603
0.00494109
0.00493615
0.00493121
0.00492628
0.00492136
0.00491644
0.00491153
0.00490662
0.00490171
0.00489682
0.00489192
0.00488703
0.00488215
0.00487727
0.00487239
0.00486752
0.00486266
0.0048578
0.00485294
0.00484809
0.00484325
0.0048384
0.00483357
0.00482874
0.00482391
0.00481909
0.00481427
0.00480946
0.00480465
0.00479985
0.00479505
0.00479026
0.00478547
0.00478069
0.00477591
0.00477114
0.00476637
0.00476161
0.00475685
0.00475209
0.00474734
0.0047426
0.00473786
0.00473312
0.00472839
0.00472367
0.00471894
0.00471423
0.00470952
0.00470481
0.00470011
0.00469541
0.00469072
0.00468603
0.00468134
0.00467666
0.00467199
0.00466732
0.00466266
0.00465799
0.00465334
0.00464869
0.00464404
0.0046394
0.00463476
0.00463013
0.0046255
0.00462088
0.00461626
0.00461165
0.00460704
0.00460243
0.00459783
0.00459324
0.00458865
0.00458406
0.00457948
0.0045749
0.00457033
0.00456576
0.0045612
0.00455664
0.00455208
0.00454753
0.00454299
0.00453845
0.00453391
0.00452938
0.00452485
0.00452033
0.00451581
0.0045113
0.00450679
0.00450229
0.00449779
0.00449329
0.0044888
0.00448431
0.00447983
0.00447535
0.00447088
0.00446641
0.00446195
0.00445749
0.00445303
0.00444858
0.00444413
0.00443969
0.00443525
0.00443082
0.00442639
0.00442197
0.00441755
0.00441313
0.00440872
0.00440432
0.00439991
0.00439552
0.00439112
0.00438673
0.00438235
0.00437797
0.00437359
0.00436922
0.00436486
0.00436049
0.00435613
0.00435178
0.00434743
0.00434309
0.00433874
0.00433441
0.00433008
0.00432575
0.00432142
0.00431711
0.00431279
0.00430848
0.00430417
0.00429987
0.00429557
0.00429128
0.00428699
0.00428271
0.00427843
0.00427415
0.00426988
0.00426561
0.00426135
0.00425709
0.00425283
0.00424858
0.00424433
0.00424009
0.00423585
0.00423162
0.00422739
0.00422317
0.00421894
0.00421473
0.00421052
0.00420631
0.0042021
0.0041979
0.00419371
0.00418952
0.00418533
0.00418114
0.00417697
0.00417279
0.00416862
0.00416445
0.00416029
0.00415613
0.00415198
0.00414783
0.00414368
0.00413954
0.0041354
0.00413127
0.00412714
0.00412302
0.0041189
0.00411478
0.00411067
0.00410656
0.00410245
0.00409835
0.00409426
0.00409016
0.00408608
0.00408199
0.00407791
0.00407384
0.00406976
0.0040657
0.00406163
0.00405757
0.00405352
0.00404947
0.00404542
0.00404138
0.00403734
0.0040333
0.00402927
0.00402524
0.00402122
0.0040172
0.00401318
0.00400917
0.00400517
0.00400116
0.00399716
0.00399317
0.00398918
0.00398519
0.00398121
0.00397723
0.00397325
0.00396928
0.00396531
0.00396135
0.00395739
0.00395344
0.00394948
0.00394554
0.00394159
0.00393765
0.00393372
0.00392979
0.00392586
0.00392193
0.00391801
0.0039141
0.00391019
0.00390628
0.00390237
0.00389847
0.00389458
0.00389068
0.0038868
0.00388291
0.00387903
0.00387515
0.00387128
0.00386741
0.00386354
0.00385968
0.00385583
0.00385197
0.00384812
0.00384428
0.00384043
0.00383659
0.00383276
0.00382893
0.0038251
0.00382128
0.00381746
0.00381364
0.00380983
0.00380602
0.00380222
0.00379842
0.00379462
0.00379083
0.00378704
0.00378326
0.00377947
0.0037757
0.00377192
0.00376815
0.00376439
0.00376062
0.00375687
0.00375311
0.00374936
0.00374561
0.00374187
0.00373813
0.00373439
0.00373066
0.00372693
0.00372321
0.00371948
0.00371577
0.00371205
0.00370834
0.00370464
0.00370093
0.00369723
0.00369354
0.00368985
0.00368616
0.00368248
0.00367879
0.00367512
0.00367144
0.00366777
0.00366411
0.00366045
0.00365679
0.00365313
0.00364948
0.00364583
0.00364219
0.00363855
0.00363491
0.00363128
0.00362765
0.00362402
0.0036204
0.00361678
0.00361317
0.00360956
0.00360595
0.00360235
0.00359874
0.00359515
0.00359155
0.00358796
0.00358438
0.0035808
0.00357722
0.00357364
0.00357007
0.0035665
0.00356294
0.00355938
0.00355582
0.00355226
0.00354871
0.00354517
0.00354162
0.00353808
0.00353455
0.00353101
0.00352748
0.00352396
0.00352044
0.00351692
0.0035134
0.00350989
0.00350638
0.00350288
0.00349938
0.00349588
0.00349239
0.0034889
0.00348541
0.00348192
0.00347844
0.00347497
0.00347149
0.00346802
0.00346456
0.0034611
0.00345764
0.00345418
0.00345073
0.00344728
0.00344383
0.00344039
0.00343695
0.00343352
0.00343009
0.00342666
0.00342323
0.00341981
0.00341639
0.00341298
0.00340957
0.00340616
0.00340275
0.00339935
0.00339596
0.00339256
0.00338917
0.00338578
0.0033824
0.00337902
0.00337564
0.00337227
0.0033689
0.00336553
0.00336216
0.0033588
0.00335545
0.00335209
0.00334874
0.0033454
0.00334205
0.00333871
0.00333537
0.00333204
0.00332871
0.00332538
0.00332206
0.00331874
0.00331542
0.00331211
0.0033088
0.00330549
0.00330219
0.00329889
0.00329559
0.0032923
0.00328901
0.00328572
0.00328243
0.00327915
0.00327588
0.0032726
0.00326933
0.00326606
0.0032628
0.00325954
0.00325628
0.00325302
0.00324977
0.00324652
0.00324328
0.00324004
0.0032368
0.00323356
0.00323033
0.0032271
0.00322388
0.00322066
0.00321744
0.00321422
0.00321101
0.0032078
0.00320459
0.00320139
0.00319819
0.00319499
0.0031918
0.00318861
0.00318542
0.00318224
0.00317906
0.00317588
0.00317271
0.00316954
0.00316637
0.0031632
0.00316004
0.00315688
0.00315373
0.00315058
0.00314743
0.00314428
0.00314114
0.003138
0.00313486
0.00313173
0.0031286
0.00312547
0.00312235
0.00311923
0.00311611
0.00311299
0.00310988
0.00310677
0.00310367
0.00310057
0.00309747
0.00309437
0.00309128
0.00308819
0.0030851
0.00308202
0.00307894
0.00307586
0.00307279
0.00306972
0.00306665
0.00306358
0.00306052
0.00305746
0.00305441
0.00305135
0.0030483
0.00304526
0.00304221
0.00303917
0.00303613
0.0030331
0.00303007
0.00302704
0.00302401
0.00302099
0.00301797
0.00301496
0.00301194
0.00300893
0.00300592
0.00300292
0.00299992
0.00299692
0.00299392
0.00299093
0.00298794
0.00298496
0.00298197
0.00297899
0.00297601
0.00297304
0.00297007
0.0029671
0.00296413
0.00296117
0.00295821
0.00295526
0.0029523
0.00294935
0.0029464
0.00294346
0.00294052
0.00293758
0.00293464
0.00293171
0.00292878
0.00292585
0.00292293
0.00292
0.00291709
0.00291417
0.00291126
0.00290835
0.00290544
0.00290254
0.00289964
0.00289674
0.00289384
0.00289095
0.00288806
0.00288517
0.00288229
0.00287941
0.00287653
0.00287366
0.00287078
0.00286791
0.00286505
0.00286218
0.00285932
0.00285647
0.00285361
0.00285076
0.00284791
0.00284506
0.00284222
0.00283938
0.00283654
0.00283371
0.00283087
0.00282804
0.00282522
0.00282239
0.00281957
0.00281675
0.00281394
0.00281113
0.00280832
0.00280551
0.00280271
0.0027999
0.00279711
0.00279431
0.00279152
0.00278873
0.00278594
0.00278315
0.00278037
0.00277759
0.00277482
0.00277204
0.00276927
0.00276651
0.00276374
0.00276098
0.00275822
0.00275546
0.00275271
0.00274996
0.00274721
0.00274446
0.00274172
0.00273898
0.00273624
0.00273351
0.00273077
0.00272804
0.00272532
0.00272259
0.00271987
0.00271715
0.00271444
0.00271173
0.00270901
0.00270631
0.0027036
0.0027009
0.0026982
0.0026955
0.00269281
0.00269012
0.00268743
0.00268474
0.00268206
0.00267938
0.0026767
0.00267403
0.00267135
0.00266868
0.00266602
0.00266335
0.00266069
0.00265803
0.00265537
0.00265272
0.00265007
0.00264742
0.00264477
0.00264213
0.00263949
0.00263685
0.00263421
0.00263158
0.00262895
0.00262632
0.0026237
0.00262108
0.00261846
0.00261584
0.00261323
0.00261061
0.002608
0.0026054
0.00260279
0.00260019
0.00259759
0.002595
0.0025924
0.00258981
0.00258722
0.00258464
0.00258205
0.00257947
0.00257689
0.00257432
0.00257175
0.00256918
0.00256661
0.00256404
0.00256148
0.00255892
0.00255636
0.00255381
0.00255125
0.0025487
0.00254616
0.00254361
0.00254107
0.00253853
0.00253599
0.00253346
0.00253093
0.0025284
0.00252587
0.00252334
0.00252082
0.0025183
0.00251579
0.00251327
0.00251076
0.00250825
0.00250574
0.00250324
0.00250074
0.00249824
0.00249574
0.00249325
0.00249075
0.00248826
0.00248578
0.00248329
0.00248081
0.00247833
0.00247585
0.00247338
0.00247091
0.00246844
0.00246597
0.0024635
0.00246104
0.00245858
0.00245613
0.00245367
0.00245122
0.00244877
0.00244632
0.00244388
0.00244143
0.00243899
0.00243655
0.00243412
0.00243169
0.00242926
0.00242683
0.0024244
0.00242198
0.00241956
0.00241714
0.00241472
0.00241231
0.0024099
0.00240749
0.00240508
0.00240268
0.00240028
0.00239788
0.00239548
0.00239309
0.0023907
0.00238831
0.00238592
0.00238354
0.00238115
0.00237877
0.0023764
0.00237402
0.00237165
0.00236928
0.00236691
0.00236454
0.00236218
0.00235982
0.00235746
0.0023551
0.00235275
0.0023504
0.00234805
0.0023457
0.00234336
0.00234102
0.00233868
0.00233634
0.002334
0.00233167
0.00232934
0.00232701
0.00232469
0.00232236
0.00232004
0.00231772
0.00231541
0.00231309
0.00231078
0.00230847
0.00230616
0.00230386
0.00230156
0.00229925
0.00229696
0.00229466
0.00229237
0.00229008
0.00228779
0.0022855
0.00228322
0.00228093
0.00227865
0.00227638
0.0022741
0.00227183
0.00226956
0.00226729
0.00226502
0.00226276
0.0022605
0.00225824
0.00225598
0.00225373
0.00225147
0.00224922
0.00224698
0.00224473
0.00224249
0.00224024
0.00223801
0.00223577
0.00223353
0.0022313
0.00222907
0.00222684
0.00222462
0.00222239
0.00222017
0.00221795
0.00221574
0.00221352
0.00221131
0.0022091
0.00220689
0.00220469
0.00220248
0.00220028
0.00219808
0.00219588
0.00219369
0.0021915
0.00218931
0.00218712
0.00218493
0.00218275
0.00218057
0.00217839
0.00217621
0.00217404
0.00217186
0.00216969
0.00216752
0.00216536
0.00216319
0.00216103
0.00215887
0.00215671
0.00215456
0.0021524
0.00215025
0.0021481
0.00214596
0.00214381
0.00214167
0.00213953
0.00213739
0.00213525
0.00213312
0.00213099
0.00212886
0.00212673
0.0021246
0.00212248
0.00212036
0.00211824
0.00211612
0.00211401
0.00211189
0.00210978
0.00210767
0.00210557
0.00210346
0.00210136
0.00209926
0.00209716
0.00209507
0.00209297
0.00209088
0.00208879
0.0020867
0.00208462
0.00208253
0.00208045
0.00207837
0.0020763
0.00207422
0.00207215
0.00207008
0.00206801
0.00206594
0.00206387
0.00206181
0.00205975
0.00205769
0.00205564
0.00205358
0.00205153
0.00204948
0.00204743
0.00204538
0.00204334
0.0020413
0.00203926
0.00203722
0.00203518
0.00203315
0.00203112
0.00202909
0.00202706
0.00202503
0.00202301
0.00202099
0.00201897
0.00201695
0.00201493
0.00201292
0.00201091
0.0020089
0.00200689
0.00200488
0.00200288
0.00200088
0.00199888
0.00199688
0.00199488
0.00199289
0.0019909
0.00198891
0.00198692
0.00198493
0.00198295
0.00198097
0.00197899
0.00197701
0.00197503
0.00197306
0.00197109
0.00196912
0.00196715
0.00196518
0.00196322
0.00196126
0.0019593
0.00195734
0.00195538
0.00195343
0.00195147
0.00194952
0.00194758
0.00194563
0.00194368
0.00194174
0.0019398
0.00193786
0.00193592
0.00193399
0.00193206
0.00193013
0.0019282
0.00192627
0.00192434
0.00192242
0.0019205
0.00191858
0.00191666
0.00191475
0.00191283
0.00191092
0.00190901
0.0019071
0.0019052
0.00190329
0.00190139
0.00189949
0.00189759
0.00189569
0.0018938
0.00189191
0.00189002
0.00188813
0.00188624
0.00188435
0.00188247
0.00188059
0.00187871
0.00187683
0.00187496
0.00187308
0.00187121
0.00186934
0.00186747
0.0018656
0.00186374
0.00186188
0.00186002
0.00185816
0.0018563
0.00185444
0.00185259
0.00185074
0.00184889
0.00184704
0.0018452
0.00184335
0.00184151
0.00183967
0.00183783
0.00183599
0.00183416
0.00183232
0.00183049
0.00182866
0.00182684
0.00182501
0.00182319
0.00182136
0.00181954
0.00181772
0.00181591
0.00181409
0.00181228
0.00181047
0.00180866
0.00180685
0.00180504
0.00180324
0.00180144
0.00179964
0.00179784
0.00179604
0.00179425
0.00179245
0.00179066
0.00178887
0.00178708
0.0017853
0.00178351
0.00178173
0.00177995
0.00177817
0.00177639
0.00177462
0.00177284
0.00177107
0.0017693
0.00176753
0.00176577
0.001764
0.00176224
0.00176048
0.00175872
0.00175696
0.0017552
0.00175345
0.0017517
0.00174995
0.0017482
0.00174645
0.0017447
0.00174296
0.00174122
0.00173948
0.00173774
0.001736
0.00173427
0.00173253
0.0017308
0.00172907
0.00172734
0.00172562
0.00172389
0.00172217
0.00172045
0.00171873
0.00171701
0.0017153
0.00171358
0.00171187
0.00171016
0.00170845
0.00170674
0.00170503
0.00170333
0.00170163
0.00169993
0.00169823
0.00169653
0.00169483
0.00169314
0.00169145
0.00168976
0.00168807
0.00168638
0.0016847
0.00168301
0.00168133
0.00167965
0.00167797
0.00167629
0.00167462
0.00167294
0.00167127
0.0016696
0.00166793
0.00166627
0.0016646
0.00166294
0.00166127
0.00165961
0.00165796
0.0016563
0.00165464
0.00165299
0.00165134
0.00164969
0.00164804
0.00164639
0.00164474
0.0016431
0.00164146
0.00163982
0.00163818
0.00163654
0.00163491
0.00163327
0.00163164
0.00163001
0.00162838
0.00162675
0.00162513
0.0016235
0.00162188
0.00162026
0.00161864
0.00161702
0.0016154
0.00161379
0.00161218
0.00161057
0.00160896
0.00160735
0.00160574
0.00160414
0.00160253
0.00160093
0.00159933
0.00159773
0.00159614
0.00159454
0.00159295
0.00159135
0.00158976
0.00158817
0.00158659
0.001585
0.00158342
0.00158183
0.00158025
0.00157867
0.0015771
0.00157552
0.00157394
0.00157237
0.0015708
0.00156923
0.00156766
0.00156609
0.00156453
0.00156297
0.0015614
0.00155984
0.00155828
0.00155673
0.00155517
0.00155362
0.00155206
0.00155051
0.00154896
0.00154741
0.00154587
0.00154432
0.00154278
0.00154124
0.0015397
0.00153816
0.00153662
0.00153508
0.00153355
0.00153202
0.00153049
0.00152896
0.00152743
0.0015259
0.00152438
0.00152285
0.00152133
0.00151981
0.00151829
0.00151677
0.00151526
0.00151374
0.00151223
0.00151072
0.00150921
0.0015077
0.00150619
0.00150469
0.00150318
0.00150168
0.00150018
0.00149868
0.00149718
0.00149569
0.00149419
0.0014927
0.00149121
0.00148972
0.00148823
0.00148674
0.00148525
0.00148377
0.00148229
0.0014808
0.00147932
0.00147785
0.00147637
0.00147489
0.00147342
0.00147195
0.00147047
0.001469
0.00146754
0.00146607
0.0014646
0.00146314
0.00146168
0.00146022
0.00145876
0.0014573
0.00145584
0.00145439
0.00145293
0.00145148
0.00145003
0.00144858
0.00144713
0.00144569
0.00144424
0.0014428
0.00144136
0.00143992
0.00143848
0.00143704
0.0014356
0.00143417
0.00143273
0.0014313
0.00142987
0.00142844
0.00142702
0.00142559
0.00142416
0.00142274
0.00142132
0.0014199
0.00141848
0.00141706
0.00141564
0.00141423
0.00141282
0.0014114
0.00140999
0.00140858
0.00140718
0.00140577
0.00140436
0.00140296
0.00140156
0.00140016
0.00139876
0.00139736
0.00139596
0.00139457
0.00139317
0.00139178
0.00139039
0.001389
0.00138761
0.00138623
0.00138484
0.00138346
0.00138207
0.00138069
0.00137931
0.00137793
0.00137656
0.00137518
0.00137381
0.00137243
0.00137106
0.00136969
0.00136832
0.00136695
0.00136559
0.00136422
0.00136286
0.0013615
0.00136014
0.00135878
0.00135742
0.00135606
0.00135471
0.00135335
0.001352
0.00135065
0.0013493
0.00134795
0.0013466
0.00134526
0.00134391
0.00134257
0.00134123
0.00133989
0.00133855
0.00133721
0.00133587
0.00133454
0.0013332
0.00133187
0.00133054
0.00132921
0.00132788
0.00132655
0.00132523
0.0013239
0.00132258
0.00132126
0.00131994
0.00131862
0.0013173
0.00131598
0.00131467
0.00131336
0.00131204
0.00131073
0.00130942
0.00130811
0.0013068
0.0013055
0.00130419
0.00130289
0.00130159
0.00130029
0.00129899
0.00129769
0.00129639
0.0012951
0.0012938
0.00129251
0.00129122
0.00128993
0.00128864
0.00128735
0.00128606
0.00128478
0.00128349
0.00128221
0.00128093
0.00127965
0.00127837
0.00127709
0.00127581
0.00127454
0.00127327
0.00127199
0.00127072
0.00126945
0.00126818
0.00126692
0.00126565
0.00126438
0.00126312
0.00126186
0.0012606
0.00125934
0.00125808
0.00125682
0.00125556
0.00125431
0.00125306
0.0012518
0.00125055
0.0012493
0.00124805
0.00124681
0.00124556
0.00124431
0.00124307
0.00124183
0.00124059
0.00123935
0.00123811
0.00123687
0.00123564
0.0012344
0.00123317
0.00123193
0.0012307
0.00122947
0.00122824
0.00122702
0.00122579
0.00122456
0.00122334
0.00122212
0.0012209
0.00121968
0.00121846
0.00121724
0.00121602
0.00121481
0.00121359
0.00121238
0.00121117
0.00120996
0.00120875
0.00120754
0.00120633
0.00120513
0.00120392
0.00120272
0.00120152
0.00120032
0.00119912
0.00119792
0.00119672
0.00119552
0.00119433
0.00119314
0.00119194
0.00119075
0.00118956
0.00118837
0.00118719
0.001186
0.00118481
0.00118363
0.00118245
0.00118126
0.00118008
0.0011789
0.00117773
0.00117655
0.00117537
0.0011742
0.00117302
0.00117185
0.00117068
0.00116951
0.00116834
0.00116717
0.00116601
0.00116484
0.00116368
0.00116251
0.00116135
0.00116019
0.00115903
0.00115787
0.00115672
0.00115556
0.00115441
0.00115325
0.0011521
0.00115095
0.0011498
0.00114865
0.0011475
0.00114635
0.00114521
0.00114406
0.00114292
0.00114178
0.00114063
0.00113949
0.00113836
0.00113722
0.00113608
0.00113495
0.00113381
0.00113268
0.00113155
0.00113042
0.00112929
0.00112816
0.00112703
0.0011259
0.00112478
0.00112365
0.00112253
0.00112141
0.00112029
0.00111917
0.00111805
0.00111693
0.00111582
0.0011147
0.00111359
0.00111247
0.00111136
0.00111025
0.00110914
0.00110803
0.00110692
0.00110582
0.00110471
0.00110361
0.00110251
0.0011014
0.0011003
0.0010992
0.0010981
0.00109701
0.00109591
0.00109481
0.00109372
0.00109263
0.00109154
0.00109044
0.00108935
0.00108827
0.00108718
0.00108609
0.00108501
0.00108392
0.00108284
0.00108176
0.00108067
0.00107959
0.00107851
0.00107744
0.00107636
0.00107528
0.00107421
0.00107314
0.00107206
0.00107099
0.00106992
0.00106885
0.00106778
0.00106672
0.00106565
0.00106459
0.00106352
0.00106246
0.0010614
0.00106034
0.00105928
0.00105822
0.00105716
0.0010561
0.00105505
0.00105399
0.00105294
0.00105189
0.00105084
0.00104978
0.00104874
0.00104769
0.00104664
0.00104559
0.00104455
0.0010435
0.00104246
0.00104142
0.00104038
0.00103934
0.0010383
0.00103726
0.00103623
0.00103519
0.00103416
0.00103312
0.00103209
0.00103106
0.00103003
0.001029
0.00102797
0.00102694
0.00102592
0.00102489
0.00102387
0.00102284
0.00102182
0.0010208
0.00101978
0.00101876
0.00101774
0.00101672
0.00101571
0.00101469
0.00101368
0.00101266
0.00101165
0.00101064
0.00100963
0.00100862
0.00100761
0.00100661
0.0010056
0.0010046
0.00100359
0.00100259
0.00100159
0.00100059
0.000999585
0.000998586
0.000997588
0.000996591
0.000995595
0.0009946
0.000993606
0.000992613
0.00099162
0.000990629
0.000989639
0.00098865
0.000987662
0.000986675
0.000985688
0.000984703
0.000983719
0.000982736
0.000981754
0.000980772
0.000979792
0.000978813
0.000977834
0.000976857
0.000975881
0.000974905
0.000973931
0.000972957
0.000971985
0.000971014
0.000970043
0.000969073
0.000968105
0.000967137
0.000966171
0.000965205
0.00096424
0.000963276
0.000962314
0.000961352
0.000960391
0.000959431
0.000958472
0.000957514
0.000956557
0.000955601
0.000954646
0.000953692
0.000952738
0.000951786
0.000950835
0.000949884
0.000948935
0.000947987
0.000947039
0.000946093
0.000945147
0.000944202
0.000943259
0.000942316
0.000941374
0.000940433
0.000939493
0.000938554
0.000937616
0.000936679
0.000935743
0.000934807
0.000933873
0.00093294
0.000932007
0.000931076
0.000930145
0.000929215
0.000928286
0.000927359
0.000926432
0.000925506
0.000924581
0.000923657
0.000922733
0.000921811
0.00092089
0.000919969
0.00091905
0.000918131
0.000917214
0.000916297
0.000915381
0.000914466
0.000913552
0.000912639
0.000911727
0.000910816
0.000909905
0.000908996
0.000908087
0.00090718
0.000906273
0.000905367
0.000904462
0.000903558
0.000902655
0.000901753
0.000900851
0.000899951
0.000899052
0.000898153
0.000897255
0.000896358
0.000895463
0.000894568
0.000893673
0.00089278
0.000891888
0.000890996
0.000890106
0.000889216
0.000888327
0.00088744
0.000886553
0.000885666
0.000884781
0.000883897
0.000883013
0.000882131
0.000881249
0.000880368
0.000879488
0.000878609
0.000877731
0.000876854
0.000875977
0.000875102
0.000874227
0.000873353
0.000872481
0.000871609
0.000870737
0.000869867
0.000868998
0.000868129
0.000867261
0.000866395
0.000865529
0.000864663
0.000863799
0.000862936
0.000862073
0.000861212
0.000860351
0.000859491
0.000858632
0.000857774
0.000856916
0.00085606
0.000855204
0.00085435
0.000853496
0.000852643
0.00085179
0.000850939
0.000850088
0.000849239
0.00084839
0.000847542
0.000846695
0.000845849
0.000845003
0.000844159
0.000843315
0.000842472
0.00084163
0.000840789
0.000839948
0.000839109
0.00083827
0.000837432
0.000836595
0.000835759
0.000834924
0.000834089
0.000833256
0.000832423
0.000831591
0.00083076
0.000829929
0.0008291
0.000828271
0.000827443
0.000826616
0.00082579
0.000824965
0.00082414
0.000823316
0.000822493
0.000821671
0.00082085
0.00082003
0.00081921
0.000818391
0.000817573
0.000816756
0.00081594
0.000815124
0.000814309
0.000813495
0.000812682
0.00081187
0.000811059
0.000810248
0.000809438
0.000808629
0.000807821
0.000807013
0.000806207
0.000805401
0.000804596
0.000803792
0.000802988
0.000802186
0.000801384
0.000800583
0.000799783
0.000798984
0.000798185
0.000797387
0.00079659
0.000795794
0.000794999
0.000794204
0.00079341
0.000792617
0.000791825
0.000791034
0.000790243
0.000789453
0.000788664
0.000787876
0.000787088
0.000786302
0.000785516
0.000784731
0.000783946
0.000783163
0.00078238
0.000781598
0.000780817
0.000780036
0.000779257
0.000778478
0.0007777
0.000776922
0.000776146
0.00077537
0.000774595
0.000773821
0.000773047
0.000772275
0.000771503
0.000770732
0.000769961
0.000769192
0.000768423
0.000767655
0.000766888
0.000766121
0.000765355
0.00076459
0.000763826
0.000763063
0.0007623
0.000761538
0.000760777
0.000760017
0.000759257
0.000758498
0.00075774
0.000756983
0.000756226
0.00075547
0.000754715
0.000753961
0.000753207
0.000752454
0.000751702
0.000750951
0.0007502
0.000749451
0.000748701
0.000747953
0.000747206
0.000746459
0.000745713
0.000744967
0.000744223
0.000743479
0.000742736
0.000741993
0.000741252
0.000740511
0.000739771
0.000739031
0.000738293
0.000737555
0.000736818
0.000736081
0.000735345
0.00073461
0.000733876
0.000733143
0.00073241
0.000731678
0.000730947
0.000730216
0.000729486
0.000728757
0.000728029
0.000727301
0.000726574
0.000725848
0.000725122
0.000724398
0.000723674
0.00072295
0.000722228
0.000721506
0.000720785
0.000720064
0.000719344
0.000718626
0.000717907
0.00071719
0.000716473
0.000715757
0.000715041
0.000714327
0.000713613
0.000712899
0.000712187
0.000711475
0.000710764
0.000710054
0.000709344
0.000708635
0.000707927
0.000707219
0.000706512
0.000705806
0.000705101
0.000704396
0.000703692
0.000702988
0.000702286
0.000701584
0.000700883
0.000700182
0.000699482
0.000698783
0.000698085
0.000697387
0.00069669
0.000695994
0.000695298
0.000694603
0.000693909
0.000693215
0.000692522
0.00069183
0.000691139
0.000690448
0.000689758
0.000689068
0.00068838
0.000687692
0.000687004
0.000686318
0.000685632
0.000684946
0.000684262
0.000683578
0.000682894
0.000682212
0.00068153
0.000680849
0.000680168
0.000679489
0.000678809
0.000678131
0.000677453
0.000676776
0.0006761
0.000675424
0.000674749
0.000674074
0.000673401
0.000672728
0.000672055
0.000671383
0.000670712
0.000670042
0.000669372
0.000668703
0.000668035
0.000667367
0.0006667
0.000666034
0.000665368
0.000664703
0.000664039
0.000663375
0.000662712
0.00066205
0.000661388
0.000660727
0.000660066
0.000659407
0.000658748
0.000658089
0.000657431
0.000656774
0.000656118
0.000655462
0.000654807
0.000654152
0.000653499
0.000652845
0.000652193
0.000651541
0.00065089
0.000650239
0.000649589
0.00064894
0.000648291
0.000647643
0.000646996
0.000646349
0.000645703
0.000645058
0.000644413
0.000643769
0.000643126
0.000642483
0.000641841
0.000641199
0.000640558
0.000639918
0.000639279
0.00063864
0.000638001
0.000637364
0.000636727
0.00063609
0.000635454
0.000634819
0.000634185
0.000633551
0.000632918
0.000632285
0.000631653
0.000631022
0.000630391
0.000629761
0.000629132
0.000628503
0.000627875
0.000627247
0.00062662
0.000625994
0.000625368
0.000624743
0.000624119
0.000623495
0.000622872
0.000622249
0.000621627
0.000621006
0.000620385
0.000619765
0.000619146
0.000618527
0.000617908
0.000617291
0.000616674
0.000616058
0.000615442
0.000614827
0.000614212
0.000613598
0.000612985
0.000612372
0.00061176
0.000611149
0.000610538
0.000609928
0.000609318
0.000608709
0.000608101
0.000607493
0.000606886
0.000606279
0.000605673
0.000605068
0.000604463
0.000603859
0.000603255
0.000602652
0.00060205
0.000601448
0.000600847
0.000600246
0.000599647
0.000599047
0.000598448
0.00059785
0.000597253
0.000596656
0.000596059
0.000595464
0.000594868
0.000594274
0.00059368
0.000593087
0.000592494
0.000591902
0.00059131
0.000590719
0.000590129
0.000589539
0.000588949
0.000588361
0.000587773
0.000587185
0.000586598
0.000586012
0.000585426
0.000584841
0.000584257
0.000583673
0.000583089
0.000582507
0.000581924
0.000581343
0.000580762
0.000580181
0.000579601
0.000579022
0.000578443
0.000577865
0.000577287
0.00057671
0.000576134
0.000575558
0.000574983
0.000574408
0.000573834
0.000573261
0.000572688
0.000572115
0.000571543
0.000570972
0.000570401
0.000569831
0.000569262
0.000568693
0.000568124
0.000567557
0.000566989
0.000566423
0.000565856
0.000565291
0.000564726
0.000564161
0.000563598
0.000563034
0.000562471
0.000561909
0.000561348
0.000560787
0.000560226
0.000559666
0.000559107
0.000558548
0.00055799
0.000557432
0.000556875
0.000556318
0.000555762
0.000555207
0.000554652
0.000554097
0.000553544
0.00055299
0.000552438
0.000551885
0.000551334
0.000550783
0.000550232
0.000549682
0.000549133
0.000548584
0.000548036
0.000547488
0.000546941
0.000546394
0.000545848
0.000545302
0.000544757
0.000544213
0.000543669
0.000543125
0.000542583
0.00054204
0.000541499
0.000540957
0.000540417
0.000539876
0.000539337
0.000538798
0.000538259
0.000537721
0.000537184
0.000536647
0.000536111
0.000535575
0.000535039
0.000534505
0.00053397
0.000533437
0.000532904
0.000532371
0.000531839
0.000531307
0.000530776
0.000530246
0.000529716
0.000529186
0.000528657
0.000528129
0.000527601
0.000527074
0.000526547
0.000526021
0.000525495
0.00052497
0.000524445
0.000523921
0.000523397
0.000522874
0.000522351
0.000521829
0.000521308
0.000520787
0.000520266
0.000519746
0.000519227
0.000518708
0.000518189
0.000517671
0.000517154
0.000516637
0.000516121
0.000515605
0.000515089
0.000514575
0.00051406
0.000513546
0.000513033
0.00051252
0.000512008
0.000511496
0.000510985
0.000510474
0.000509964
0.000509454
0.000508945
0.000508437
0.000507928
0.000507421
0.000506913
0.000506407
0.000505901
0.000505395
0.00050489
0.000504385
0.000503881
0.000503377
0.000502874
0.000502372
0.00050187
0.000501368
0.000500867
0.000500366
0.000499866
0.000499367
0.000498867
0.000498369
0.000497871
0.000497373
0.000496876
0.000496379
0.000495883
0.000495388
0.000494892
0.000494398
0.000493904
0.00049341
0.000492917
0.000492424
0.000491932
0.00049144
0.000490949
0.000490458
0.000489968
0.000489478
0.000488989
0.0004885
0.000488012
0.000487524
0.000487037
0.00048655
0.000486064
0.000485578
0.000485093
0.000484608
0.000484124
0.00048364
0.000483156
0.000482673
0.000482191
0.000481709
0.000481228
0.000480747
0.000480266
0.000479786
0.000479307
0.000478827
0.000478349
0.000477871
0.000477393
0.000476916
0.000476439
0.000475963
0.000475487
0.000475012
0.000474537
0.000474063
0.000473589
0.000473116
0.000472643
0.000472171
0.000471699
0.000471227
0.000470756
0.000470286
0.000469816
0.000469346
0.000468877
0.000468408
0.00046794
0.000467472
0.000467005
0.000466538
0.000466072
0.000465606
0.000465141
0.000464676
0.000464212
0.000463748
0.000463284
0.000462821
0.000462358
0.000461896
0.000461435
0.000460973
0.000460513
0.000460052
0.000459593
0.000459133
0.000458674
0.000458216
0.000457758
0.0004573
0.000456843
0.000456387
0.00045593
0.000455475
0.00045502
0.000454565
0.00045411
0.000453657
0.000453203
0.00045275
0.000452298
0.000451846
0.000451394
0.000450943
0.000450492
0.000450042
0.000449592
0.000449143
0.000448694
0.000448245
0.000447797
0.00044735
0.000446902
0.000446456
0.00044601
0.000445564
0.000445118
0.000444674
0.000444229
0.000443785
0.000443342
0.000442898
0.000442456
0.000442013
0.000441572
0.00044113
0.000440689
0.000440249
0.000439809
0.000439369
0.00043893
0.000438491
0.000438053
0.000437615
0.000437178
0.000436741
0.000436304
0.000435868
0.000435433
0.000434998
0.000434563
0.000434128
0.000433695
0.000433261
0.000432828
0.000432395
0.000431963
0.000431531
0.0004311
0.000430669
0.000430239
0.000429809
0.000429379
0.00042895
0.000428521
0.000428093
0.000427665
0.000427238
0.000426811
0.000426384
0.000425958
0.000425532
0.000425107
0.000424682
0.000424257
0.000423833
0.00042341
0.000422987
0.000422564
0.000422141
0.000421719
0.000421298
0.000420877
0.000420456
0.000420036
0.000419616
0.000419197
0.000418778
0.000418359
0.000417941
0.000417523
0.000417106
0.000416689
0.000416273
0.000415857
0.000415441
0.000415026
0.000414611
0.000414196
0.000413782
0.000413369
0.000412956
0.000412543
0.000412131
0.000411719
0.000411307
0.000410896
0.000410485
0.000410075
0.000409665
0.000409256
0.000408847
0.000408438
0.00040803
0.000407622
0.000407215
0.000406808
0.000406401
0.000405995
0.000405589
0.000405184
0.000404779
0.000404374
0.00040397
0.000403566
0.000403163
0.00040276
0.000402357
0.000401955
0.000401553
0.000401152
0.000400751
0.00040035
0.00039995
0.000399551
0.000399151
0.000398752
0.000398354
0.000397956
0.000397558
0.00039716
0.000396763
0.000396367
0.000395971
0.000395575
0.00039518
0.000394785
0.00039439
0.000393996
0.000393602
0.000393209
0.000392816
0.000392423
0.000392031
0.000391639
0.000391248
0.000390856
0.000390466
0.000390076
0.000389686
0.000389296
0.000388907
0.000388518
0.00038813
0.000387742
0.000387355
0.000386967
0.000386581
0.000386194
0.000385808
0.000385423
0.000385037
0.000384653
0.000384268
0.000383884
0.0003835
0.000383117
0.000382734
0.000382352
0.000381969
0.000381588
0.000381206
0.000380825
0.000380445
0.000380064
0.000379684
0.000379305
0.000378926
0.000378547
0.000378169
0.000377791
0.000377413
0.000377036
0.000376659
0.000376283
0.000375906
0.000375531
0.000375155
0.00037478
0.000374406
0.000374032
0.000373658
0.000373284
0.000372911
0.000372538
0.000372166
0.000371794
0.000371423
0.000371051
0.00037068
0.00037031
0.00036994
0.00036957
0.000369201
0.000368832
0.000368463
0.000368095
0.000367727
0.000367359
0.000366992
0.000366625
0.000366259
0.000365893
0.000365527
0.000365162
0.000364797
0.000364432
0.000364068
0.000363704
0.00036334
0.000362977
0.000362615
0.000362252
0.00036189
0.000361528
0.000361167
0.000360806
0.000360445
0.000360085
0.000359725
0.000359366
0.000359006
0.000358648
0.000358289
0.000357931
0.000357573
0.000357216
0.000356859
0.000356502
0.000356146
0.00035579
0.000355434
0.000355079
0.000354724
0.00035437
0.000354015
0.000353662
0.000353308
0.000352955
0.000352602
0.00035225
0.000351898
0.000351546
0.000351195
0.000350844
0.000350493
0.000350143
0.000349793
0.000349443
0.000349094
0.000348745
0.000348396
0.000348048
0.0003477
0.000347353
0.000347005
0.000346659
0.000346312
0.000345966
0.00034562
0.000345275
0.00034493
0.000344585
0.00034424
0.000343896
0.000343553
0.000343209
0.000342866
0.000342524
0.000342181
0.000341839
0.000341498
0.000341156
0.000340815
0.000340475
0.000340134
0.000339794
0.000339455
0.000339115
0.000338776
0.000338438
0.0003381
0.000337762
0.000337424
0.000337087
0.00033675
0.000336413
0.000336077
0.000335741
0.000335406
0.00033507
0.000334735
0.000334401
0.000334067
0.000333733
0.000333399
0.000333066
0.000332733
0.0003324
0.000332068
0.000331736
0.000331405
0.000331073
0.000330743
0.000330412
0.000330082
0.000329752
0.000329422
0.000329093
0.000328764
0.000328435
0.000328107
0.000327779
0.000327452
0.000327124
0.000326797
0.000326471
0.000326144
0.000325818
0.000325493
0.000325167
0.000324842
0.000324518
0.000324193
0.000323869
0.000323546
0.000323222
0.000322899
0.000322577
0.000322254
0.000321932
0.00032161
0.000321289
0.000320968
0.000320647
0.000320326
0.000320006
0.000319686
0.000319367
0.000319048
0.000318729
0.00031841
0.000318092
0.000317774
0.000317456
0.000317139
0.000316822
0.000316505
0.000316189
0.000315873
0.000315557
0.000315242
0.000314927
0.000314612
0.000314298
0.000313983
0.00031367
0.000313356
0.000313043
0.00031273
0.000312417
0.000312105
0.000311793
0.000311482
0.00031117
0.000310859
0.000310549
0.000310238
0.000309928
0.000309618
0.000309309
0.000309
0.000308691
0.000308382
0.000308074
0.000307766
0.000307459
0.000307151
0.000306844
0.000306538
0.000306231
0.000305925
0.000305619
0.000305314
0.000305009
0.000304704
0.000304399
0.000304095
0.000303791
0.000303487
0.000303184
0.000302881
0.000302578
0.000302276
0.000301974
0.000301672
0.00030137
0.000301069
0.000300768
0.000300468
0.000300167
0.000299867
0.000299568
0.000299268
0.000298969
0.00029867
0.000298372
0.000298074
0.000297776
0.000297478
0.000297181
0.000296884
0.000296587
0.00029629
0.000295994
0.000295699
0.000295403
0.000295108
0.000294813
0.000294518
0.000294224
0.00029393
0.000293636
0.000293342
0.000293049
0.000292756
0.000292464
0.000292171
0.000291879
0.000291588
0.000291296
0.000291005
0.000290714
0.000290424
0.000290133
0.000289843
0.000289554
0.000289264
0.000288975
0.000288686
0.000288398
0.000288109
0.000287821
0.000287534
0.000287246
0.000286959
0.000286672
0.000286386
0.0002861
0.000285814
0.000285528
0.000285243
0.000284958
0.000284673
0.000284388
0.000284104
0.00028382
0.000283536
0.000283253
0.00028297
0.000282687
0.000282404
0.000282122
0.00028184
0.000281559
0.000281277
0.000280996
0.000280715
0.000280435
0.000280154
0.000279874
0.000279595
0.000279315
0.000279036
0.000278757
0.000278478
0.0002782
0.000277922
0.000277644
0.000277367
0.000277089
0.000276812
0.000276536
0.000276259
0.000275983
0.000275707
0.000275432
0.000275157
0.000274882
0.000274607
0.000274332
0.000274058
0.000273784
0.000273511
0.000273237
0.000272964
0.000272691
0.000272419
0.000272146
0.000271874
0.000271603
0.000271331
0.00027106
0.000270789
0.000270518
0.000270248
0.000269978
0.000269708
0.000269439
0.000269169
0.0002689
0.000268631
0.000268363
0.000268095
0.000267827
0.000267559
0.000267292
0.000267024
0.000266758
0.000266491
0.000266225
0.000265959
0.000265693
0.000265427
0.000265162
0.000264897
0.000264632
0.000264368
0.000264103
0.000263839
0.000263576
0.000263312
0.000263049
0.000262786
0.000262523
0.000262261
0.000261999
0.000261737
0.000261475
0.000261214
0.000260953
0.000260692
0.000260432
0.000260171
0.000259911
0.000259652
0.000259392
0.000259133
0.000258874
0.000258615
0.000258356
0.000258098
0.00025784
0.000257583
0.000257325
0.000257068
0.000256811
0.000256554
0.000256298
0.000256042
0.000255786
0.00025553
0.000255275
0.00025502
0.000254765
0.00025451
0.000254256
0.000254002
0.000253748
0.000253494
0.000253241
0.000252988
0.000252735
0.000252482
0.00025223
0.000251978
0.000251726
0.000251474
0.000251223
0.000250972
0.000250721
0.00025047
0.00025022
0.00024997
0.00024972
0.00024947
0.000249221
0.000248972
0.000248723
0.000248475
0.000248226
0.000247978
0.00024773
0.000247483
0.000247235
0.000246988
0.000246741
0.000246495
0.000246248
0.000246002
0.000245756
0.000245511
0.000245265
0.00024502
0.000244775
0.000244531
0.000244286
0.000244042
0.000243798
0.000243554
0.000243311
0.000243068
0.000242825
0.000242582
0.00024234
0.000242097
0.000241855
0.000241614
0.000241372
0.000241131
0.00024089
0.000240649
0.000240409
0.000240168
0.000239928
0.000239689
0.000239449
0.00023921
0.000238971
0.000238732
0.000238493
0.000238255
0.000238017
0.000237779
0.000237541
0.000237304
0.000237066
0.000236829
0.000236593
0.000236356
0.00023612
0.000235884
0.000235648
0.000235413
0.000235177
0.000234942
0.000234708
0.000234473
0.000234239
0.000234005
0.000233771
0.000233537
0.000233304
0.00023307
0.000232837
0.000232605
0.000232372
0.00023214
0.000231908
0.000231676
0.000231445
0.000231213
0.000230982
0.000230751
0.000230521
0.00023029
0.00023006
0.00022983
0.0002296
0.000229371
0.000229142
0.000228913
0.000228684
0.000228455
0.000228227
0.000227999
0.000227771
0.000227543
0.000227316
0.000227089
0.000226862
0.000226635
0.000226408
0.000226182
0.000225956
0.00022573
0.000225505
0.000225279
0.000225054
0.000224829
0.000224604
0.00022438
0.000224156
0.000223932
0.000223708
0.000223484
0.000223261
0.000223038
0.000222815
0.000222592
0.000222369
0.000222147
0.000221925
0.000221703
0.000221482
0.00022126
0.000221039
0.000220818
0.000220598
0.000220377
0.000220157
0.000219937
0.000219717
0.000219497
0.000219278
0.000219059
0.00021884
0.000218621
0.000218403
0.000218184
0.000217966
0.000217748
0.000217531
0.000217313
0.000217096
0.000216879
0.000216662
0.000216446
0.00021623
0.000216013
0.000215797
0.000215582
0.000215366
0.000215151
0.000214936
0.000214721
0.000214507
0.000214292
0.000214078
0.000213864
0.00021365
0.000213437
0.000213223
0.00021301
0.000212797
0.000212585
0.000212372
0.00021216
0.000211948
0.000211736
0.000211524
0.000211313
0.000211102
0.000210891
0.00021068
0.000210469
0.000210259
0.000210049
0.000209839
0.000209629
0.00020942
0.00020921
0.000209001
0.000208792
0.000208584
0.000208375
0.000208167
0.000207959
0.000207751
0.000207543
0.000207336
0.000207129
0.000206922
0.000206715
0.000206508
0.000206302
0.000206096
0.00020589
0.000205684
0.000205478
0.000205273
0.000205068
0.000204863
0.000204658
0.000204453
0.000204249
0.000204045
0.000203841
0.000203637
0.000203434
0.00020323
0.000203027
0.000202824
0.000202622
0.000202419
0.000202217
0.000202015
0.000201813
0.000201611
0.00020141
0.000201208
0.000201007
0.000200806
0.000200606
0.000200405
0.000200205
0.000200005
0.000199805
0.000199605
0.000199405
0.000199206
0.000199007
0.000198808
0.000198609
0.000198411
0.000198213
0.000198015
0.000197817
0.000197619
0.000197421
0.000197224
0.000197027
0.00019683
0.000196633
0.000196437
0.00019624
0.000196044
0.000195848
0.000195653
0.000195457
0.000195262
0.000195066
0.000194872
0.000194677
0.000194482
0.000194288
0.000194094
0.0001939
0.000193706
0.000193512
0.000193319
0.000193126
0.000192932
0.00019274
0.000192547
0.000192355
0.000192162
0.00019197
0.000191778
0.000191587
0.000191395
0.000191204
0.000191013
0.000190822
0.000190631
0.000190441
0.00019025
0.00019006
0.00018987
0.00018968
0.000189491
0.000189301
0.000189112
0.000188923
0.000188734
0.000188546
0.000188357
0.000188169
0.000187981
0.000187793
0.000187605
0.000187418
0.00018723
0.000187043
0.000186856
0.00018667
0.000186483
0.000186297
0.00018611
0.000185924
0.000185739
0.000185553
0.000185368
0.000185182
0.000184997
0.000184812
0.000184628
0.000184443
0.000184259
0.000184074
0.00018389
0.000183707
0.000183523
0.00018334
0.000183156
0.000182973
0.00018279
0.000182608
0.000182425
0.000182243
0.000182061
0.000181879
0.000181697
0.000181515
0.000181334
0.000181153
0.000180972
0.000180791
0.00018061
0.00018043
0.000180249
0.000180069
0.000179889
0.000179709
0.00017953
0.00017935
0.000179171
0.000178992
0.000178813
0.000178634
0.000178456
0.000178277
0.000178099
0.000177921
0.000177743
0.000177566
0.000177388
0.000177211
0.000177034
0.000176857
0.00017668
0.000176503
0.000176327
0.000176151
0.000175975
0.000175799
0.000175623
0.000175448
0.000175272
0.000175097
0.000174922
0.000174747
0.000174573
0.000174398
0.000174224
0.00017405
0.000173876
0.000173702
0.000173528
0.000173355
0.000173182
0.000173008
0.000172836
0.000172663
0.00017249
0.000172318
0.000172146
0.000171973
0.000171802
0.00017163
0.000171458
0.000171287
0.000171116
0.000170945
0.000170774
0.000170603
0.000170433
0.000170262
0.000170092
0.000169922
0.000169752
0.000169583
0.000169413
0.000169244
0.000169075
0.000168906
0.000168737
0.000168568
0.0001684
0.000168231
0.000168063
0.000167895
0.000167727
0.00016756
0.000167392
0.000167225
0.000167058
0.000166891
0.000166724
0.000166557
0.000166391
0.000166225
0.000166059
0.000165893
0.000165727
0.000165561
0.000165396
0.00016523
0.000165065
0.0001649
0.000164735
0.000164571
0.000164406
0.000164242
0.000164078
0.000163914
0.00016375
0.000163586
0.000163423
0.000163259
0.000163096
0.000162933
0.00016277
0.000162608
0.000162445
0.000162283
0.000162121
0.000161959
0.000161797
0.000161635
0.000161473
0.000161312
0.000161151
0.00016099
0.000160829
0.000160668
0.000160507
0.000160347
0.000160187
0.000160027
0.000159867
0.000159707
0.000159547
0.000159388
0.000159229
0.000159069
0.00015891
0.000158752
0.000158593
0.000158434
0.000158276
0.000158118
0.00015796
0.000157802
0.000157644
0.000157487
0.000157329
0.000157172
0.000157015
0.000156858
0.000156701
0.000156545
0.000156388
0.000156232
0.000156076
0.00015592
0.000155764
0.000155608
0.000155453
0.000155297
0.000155142
0.000154987
0.000154832
0.000154677
0.000154523
0.000154368
0.000154214
0.00015406
0.000153906
0.000153752
0.000153598
0.000153445
0.000153291
0.000153138
0.000152985
0.000152832
0.000152679
0.000152527
0.000152374
0.000152222
0.00015207
0.000151918
0.000151766
0.000151614
0.000151463
0.000151311
0.00015116
0.000151009
0.000150858
0.000150707
0.000150557
0.000150406
0.000150256
0.000150106
0.000149956
0.000149806
0.000149656
0.000149507
0.000149357
0.000149208
0.000149059
0.00014891
0.000148761
0.000148612
0.000148464
0.000148315
0.000148167
0.000148019
0.000147871
0.000147723
0.000147576
0.000147428
0.000147281
0.000147134
0.000146986
0.00014684
0.000146693
0.000146546
0.0001464
0.000146253
0.000146107
0.000145961
0.000145815
0.00014567
0.000145524
0.000145378
0.000145233
0.000145088
0.000144943
0.000144798
0.000144653
0.000144509
0.000144364
0.00014422
0.000144076
0.000143932
0.000143788
0.000143644
0.000143501
0.000143357
0.000143214
0.000143071
0.000142928
0.000142785
0.000142642
0.0001425
0.000142357
0.000142215
0.000142073
0.000141931
0.000141789
0.000141647
0.000141506
0.000141364
0.000141223
0.000141082
0.000140941
0.0001408
0.000140659
0.000140519
0.000140378
0.000140238
0.000140098
0.000139958
0.000139818
0.000139678
0.000139538
0.000139399
0.00013926
0.00013912
0.000138981
0.000138843
0.000138704
0.000138565
0.000138427
0.000138288
0.00013815
0.000138012
0.000137874
0.000137736
0.000137599
0.000137461
0.000137324
0.000137186
0.000137049
0.000136912
0.000136775
0.000136639
0.000136502
0.000136366
0.000136229
0.000136093
0.000135957
0.000135821
0.000135686
0.00013555
0.000135414
0.000135279
0.000135144
0.000135009
0.000134874
0.000134739
0.000134604
0.00013447
0.000134335
0.000134201
0.000134067
0.000133933
0.000133799
0.000133665
0.000133532
0.000133398
0.000133265
0.000133132
0.000132999
0.000132866
0.000132733
0.0001326
0.000132468
0.000132336
0.000132203
0.000132071
0.000131939
0.000131807
0.000131675
0.000131544
0.000131412
0.000131281
0.00013115
0.000131019
0.000130888
0.000130757
0.000130626
0.000130496
0.000130365
0.000130235
0.000130105
0.000129975
0.000129845
0.000129715
0.000129585
0.000129456
0.000129327
0.000129197
0.000129068
0.000128939
0.00012881
0.000128682
0.000128553
0.000128424
0.000128296
0.000128168
0.00012804
0.000127912
0.000127784
0.000127656
0.000127529
0.000127401
0.000127274
0.000127147
0.000127019
0.000126893
0.000126766
0.000126639
0.000126512
0.000126386
0.00012626
0.000126133
0.000126007
0.000125881
0.000125756
0.00012563
0.000125504
0.000125379
0.000125254
0.000125128
0.000125003
0.000124878
0.000124754
0.000124629
0.000124504
0.00012438
0.000124256
0.000124131
0.000124007
0.000123883
0.00012376
0.000123636
0.000123512
0.000123389
0.000123265
0.000123142
0.000123019
0.000122896
0.000122773
0.000122651
0.000122528
0.000122406
0.000122283
0.000122161
0.000122039
0.000121917
0.000121795
0.000121673
0.000121552
0.00012143
0.000121309
0.000121188
0.000121067
0.000120946
0.000120825
0.000120704
0.000120583
0.000120463
0.000120342
0.000120222
0.000120102
0.000119982
0.000119862
0.000119742
0.000119622
0.000119503
0.000119383
0.000119264
0.000119145
0.000119026
0.000118907
0.000118788
0.000118669
0.000118551
0.000118432
0.000118314
0.000118196
0.000118077
0.000117959
0.000117841
0.000117724
0.000117606
0.000117488
0.000117371
0.000117254
0.000117137
0.000117019
0.000116903
0.000116786
0.000116669
0.000116552
0.000116436
0.000116319
0.000116203
0.000116087
0.000115971
0.000115855
0.000115739
0.000115624
0.000115508
0.000115393
0.000115277
0.000115162
0.000115047
0.000114932
0.000114817
0.000114702
0.000114588
0.000114473
0.000114359
0.000114244
0.00011413
0.000114016
0.000113902
0.000113788
0.000113675
0.000113561
0.000113448
0.000113334
0.000113221
0.000113108
0.000112995
0.000112882
0.000112769
0.000112656
0.000112544
0.000112431
0.000112319
0.000112206
0.000112094
0.000111982
0.00011187
0.000111759
0.000111647
0.000111535
0.000111424
0.000111312
0.000111201
0.00011109
0.000110979
0.000110868
0.000110757
0.000110646
0.000110536
0.000110425
0.000110315
0.000110205
0.000110095
0.000109985
0.000109875
0.000109765
0.000109655
0.000109546
0.000109436
0.000109327
0.000109217
0.000109108
0.000108999
0.00010889
0.000108781
0.000108673
0.000108564
0.000108456
0.000108347
0.000108239
0.000108131
0.000108023
0.000107915
0.000107807
0.000107699
0.000107591
0.000107484
0.000107376
0.000107269
0.000107162
0.000107055
0.000106948
0.000106841
0.000106734
0.000106627
0.000106521
0.000106414
0.000106308
0.000106202
0.000106096
0.00010599
0.000105884
0.000105778
0.000105672
0.000105566
0.000105461
0.000105356
0.00010525
0.000105145
0.00010504
0.000104935
0.00010483
0.000104725
0.000104621
0.000104516
0.000104412
0.000104307
0.000104203
0.000104099
0.000103995
0.000103891
0.000103787
0.000103683
0.00010358
0.000103476
0.000103373
0.000103269
0.000103166
0.000103063
0.00010296
0.000102857
0.000102754
0.000102652
0.000102549
0.000102446
0.000102344
0.000102242
0.00010214
0.000102037
0.000101936
0.000101834
0.000101732
0.00010163
0.000101529
0.000101427
0.000101326
0.000101224
0.000101123
0.000101022
0.000100921
0.00010082
0.00010072
0.000100619
0.000100518
0.000100418
0.000100318
0.000100217
0.000100117
0.000100017
9.99171e-005
9.98172e-005
9.97174e-005
9.96178e-005
9.95182e-005
9.94187e-005
9.93193e-005
9.92201e-005
9.91209e-005
9.90218e-005
9.89229e-005
9.8824e-005
9.87252e-005
9.86265e-005
9.8528e-005
9.84295e-005
9.83311e-005
9.82328e-005
9.81346e-005
9.80366e-005
9.79386e-005
9.78407e-005
9.77429e-005
9.76452e-005
9.75476e-005
9.74501e-005
9.73527e-005
9.72554e-005
9.71582e-005
9.70611e-005
9.69641e-005
9.68671e-005
9.67703e-005
9.66736e-005
9.6577e-005
9.64804e-005
9.6384e-005
9.62877e-005
9.61914e-005
9.60953e-005
9.59992e-005
9.59033e-005
9.58074e-005
9.57117e-005
9.5616e-005
9.55205e-005
9.5425e-005
9.53296e-005
9.52343e-005
9.51391e-005
9.5044e-005
9.4949e-005
9.48541e-005
9.47593e-005
9.46646e-005
9.457e-005
9.44755e-005
9.43811e-005
9.42867e-005
9.41925e-005
9.40983e-005
9.40043e-005
9.39103e-005
9.38165e-005
9.37227e-005
9.3629e-005
9.35354e-005
9.34419e-005
9.33486e-005
9.32553e-005
9.3162e-005
9.30689e-005
9.29759e-005
9.2883e-005
9.27901e-005
9.26974e-005
9.26047e-005
9.25122e-005
9.24197e-005
9.23273e-005
9.22351e-005
9.21429e-005
9.20508e-005
9.19588e-005
9.18669e-005
9.1775e-005
9.16833e-005
9.15917e-005
9.15001e-005
9.14087e-005
9.13173e-005
9.1226e-005
9.11349e-005
9.10438e-005
9.09528e-005
9.08619e-005
9.0771e-005
9.06803e-005
9.05897e-005
9.04991e-005
9.04087e-005
9.03183e-005
9.02281e-005
9.01379e-005
9.00478e-005
8.99578e-005
8.98679e-005
8.9778e-005
8.96883e-005
8.95987e-005
8.95091e-005
8.94196e-005
8.93303e-005
8.9241e-005
8.91518e-005
8.90627e-005
8.89737e-005
8.88847e-005
8.87959e-005
8.87071e-005
8.86185e-005
8.85299e-005
8.84414e-005
8.8353e-005
8.82647e-005
8.81765e-005
8.80884e-005
8.80003e-005
8.79124e-005
8.78245e-005
8.77367e-005
8.7649e-005
8.75614e-005
8.74739e-005
8.73865e-005
8.72991e-005
8.72119e-005
8.71247e-005
8.70376e-005
8.69506e-005
8.68637e-005
8.67769e-005
8.66902e-005
8.66035e-005
8.6517e-005
8.64305e-005
8.63441e-005
8.62578e-005
8.61716e-005
8.60854e-005
8.59994e-005
8.59134e-005
8.58276e-005
8.57418e-005
8.56561e-005
8.55705e-005
8.5485e-005
8.53995e-005
8.53142e-005
8.52289e-005
8.51437e-005
8.50586e-005
8.49736e-005
8.48886e-005
8.48038e-005
8.4719e-005
8.46344e-005
8.45498e-005
8.44653e-005
8.43808e-005
8.42965e-005
8.42122e-005
8.41281e-005
8.4044e-005
8.396e-005
8.38761e-005
8.37922e-005
8.37085e-005
8.36248e-005
8.35412e-005
8.34577e-005
8.33743e-005
8.3291e-005
8.32077e-005
8.31246e-005
8.30415e-005
8.29585e-005
8.28756e-005
8.27927e-005
8.271e-005
8.26273e-005
8.25447e-005
8.24622e-005
8.23798e-005
8.22975e-005
8.22152e-005
8.2133e-005
8.20509e-005
8.19689e-005
8.1887e-005
8.18052e-005
8.17234e-005
8.16417e-005
8.15601e-005
8.14786e-005
8.13972e-005
8.13158e-005
8.12345e-005
8.11533e-005
8.10722e-005
8.09912e-005
8.09102e-005
8.08294e-005
8.07486e-005
8.06679e-005
8.05872e-005
8.05067e-005
8.04262e-005
8.03458e-005
8.02655e-005
8.01853e-005
8.01052e-005
8.00251e-005
7.99451e-005
7.98652e-005
7.97854e-005
7.97056e-005
7.9626e-005
7.95464e-005
7.94669e-005
7.93875e-005
7.93081e-005
7.92288e-005
7.91497e-005
7.90705e-005
7.89915e-005
7.89126e-005
7.88337e-005
7.87549e-005
7.86762e-005
7.85975e-005
7.8519e-005
7.84405e-005
7.83621e-005
7.82838e-005
7.82055e-005
7.81274e-005
7.80493e-005
7.79713e-005
7.78933e-005
7.78155e-005
7.77377e-005
7.766e-005
7.75824e-005
7.75048e-005
7.74274e-005
7.735e-005
7.72727e-005
7.71954e-005
7.71183e-005
7.70412e-005
7.69642e-005
7.68873e-005
7.68104e-005
7.67337e-005
7.6657e-005
7.65803e-005
7.65038e-005
7.64273e-005
7.63509e-005
7.62746e-005
7.61984e-005
7.61222e-005
7.60461e-005
7.59701e-005
7.58942e-005
7.58184e-005
7.57426e-005
7.56669e-005
7.55912e-005
7.55157e-005
7.54402e-005
7.53648e-005
7.52895e-005
7.52142e-005
7.5139e-005
7.50639e-005
7.49889e-005
7.4914e-005
7.48391e-005
7.47643e-005
7.46896e-005
7.46149e-005
7.45403e-005
7.44658e-005
7.43914e-005
7.4317e-005
7.42428e-005
7.41686e-005
7.40944e-005
7.40204e-005
7.39464e-005
7.38725e-005
7.37986e-005
7.37249e-005
7.36512e-005
7.35776e-005
7.3504e-005
7.34306e-005
7.33572e-005
7.32839e-005
7.32106e-005
7.31374e-005
7.30643e-005
7.29913e-005
7.29184e-005
7.28455e-005
7.27727e-005
7.26999e-005
7.26273e-005
7.25547e-005
7.24822e-005
7.24097e-005
7.23373e-005
7.2265e-005
7.21928e-005
7.21206e-005
7.20486e-005
7.19766e-005
7.19046e-005
7.18327e-005
7.17609e-005
7.16892e-005
7.16176e-005
7.1546e-005
7.14745e-005
7.1403e-005
7.13317e-005
7.12604e-005
7.11891e-005
7.1118e-005
7.10469e-005
7.09759e-005
7.0905e-005
7.08341e-005
7.07633e-005
7.06926e-005
7.06219e-005
7.05513e-005
7.04808e-005
7.04104e-005
7.034e-005
7.02697e-005
7.01994e-005
7.01293e-005
7.00592e-005
6.99892e-005
6.99192e-005
6.98493e-005
6.97795e-005
6.97098e-005
6.96401e-005
6.95705e-005
6.95009e-005
6.94315e-005
6.93621e-005
6.92928e-005
6.92235e-005
6.91543e-005
6.90852e-005
6.90161e-005
6.89472e-005
6.88782e-005
6.88094e-005
6.87406e-005
6.86719e-005
6.86033e-005
6.85347e-005
6.84662e-005
6.83978e-005
6.83294e-005
6.82611e-005
6.81929e-005
6.81247e-005
6.80566e-005
6.79886e-005
6.79207e-005
6.78528e-005
6.7785e-005
6.77172e-005
6.76495e-005
6.75819e-005
6.75144e-005
6.74469e-005
6.73795e-005
