27984.6
21561.4
18816.3
18047.5
17788.8
17618.9
17446.7
17251.5
17027.1
16771.3
16484.7
16170.8
15834.1
15479.7
15111.2
14731.1
14341.1
13942.5
13537
13126.6
12713.7
12301.3
11892.7
11491.3
11100.4
10723
10361.7
10018.3
9694.28
9390.11
9105.97
8841.55
8596.26
8369.26
8159.59
7966.19
7787.99
7623.91
7472.89
7333.91
7206.02
7088.31
6979.94
6880.12
6788.14
6703.32
6625.06
6552.8
6486.03
6424.28
6367.12
6314.17
6265.07
6219.51
6177.18
6137.81
6101.17
6067.03
6035.18
6005.44
5977.64
5951.63
5927.25
5904.39
5882.93
5862.75
5843.75
5825.85
5808.96
5793.01
5777.92
5763.63
5750.08
5737.21
5724.98
5713.35
5702.26
5691.67
5681.57
5671.9
5662.64
5653.76
5645.23
5637.04
5629.16
5621.56
5614.24
5607.16
5600.33
5593.71
5587.3
5581.08
5575.04
5569.18
5563.47
5557.91
5552.49
5547.21
5542.05
5537
5532.06
5527.23
5522.49
5517.85
5513.29
5508.81
5504.4
5500.07
5495.8
5491.6
5487.45
5483.36
5479.32
5475.33
5471.38
5467.48
5463.62
5459.79
5456.01
5452.25
5448.53
5444.84
5441.17
5437.54
5433.93
5430.35
5426.8
5423.28
5419.79
5416.36
5412.98
5409.7
5406.56
5403.64
5401.08
5399.15
5398.18
5399.01
5402.41
5411.09
5426.32
5457.1
5502.62
5593.63
5706.64
5945.8
6155.91
6668.97
6816.5
7542.35
7147.26
7651.72
6802.47
6912.67
6265.67
6216.77
5881.47
5822.29
5658.65
5617.18
5532.22
5505.06
5456.83
5438.44
5408.58
5395.4
5375.46
5365.44
5351.24
5343.24
5332.59
5325.95
5317.61
5311.94
5305.18
5300.23
5294.59
5290.2
5285.39
5281.45
5277.27
5273.69
5269.99
5266.72
5263.4
5260.39
5257.37
5254.58
5251.81
5249.2
5246.62
5244.17
5241.76
5239.43
5237.15
5234.95
5232.78
5230.66
5228.59
5226.56
5224.56
5222.6
5220.67
5218.77
5216.9
5215.05
5213.23
5211.43
5209.65
5207.9
5206.16
5204.44
5202.74
5201.06
5199.4
5197.75
5196.11
5194.5
5192.89
5191.3
5189.73
5188.17
5186.62
5185.09
5183.57
5182.06
5180.56
5179.08
5177.61
5176.14
5174.7
5173.26
5171.83
5170.41
5169.01
5167.61
5166.23
5164.85
5163.49
5162.13
5160.79
5159.45
5158.13
5156.81
5155.5
5154.2
5152.91
5151.63
5150.36
5149.09
5147.84
5146.59
5145.35
5144.12
5142.9
5141.68
5140.48
5139.28
5138.08
5136.9
5135.72
5134.55
5133.39
5132.24
5131.09
5129.95
5128.81
5127.69
5126.57
5125.45
5124.35
5123.25
5122.15
5121.07
5119.99
5118.91
5117.85
5116.78
5115.73
5114.68
5113.64
5112.6
5111.57
5110.55
5109.53
5108.51
5107.51
5106.51
5105.51
5104.52
5103.54
5102.56
5101.59
5100.62
5099.66
5098.7
5097.75
5096.8
5095.86
5094.93
5094
5093.07
5092.16
5091.24
5090.33
5089.43
5088.53
5087.63
5086.75
5085.86
5084.98
5084.11
5083.24
5082.37
5081.51
5080.66
5079.81
5078.96
5078.12
5077.28
5076.45
5075.62
5074.8
5073.98
5073.16
5072.35
5071.55
5070.75
5069.95
5069.16
5068.37
5067.58
5066.8
5066.03
5065.25
5064.49
5063.72
5062.96
5062.21
5061.45
5060.71
5059.96
5059.22
5058.49
5057.75
5057.02
5056.3
5055.58
5054.86
5054.15
5053.44
5052.73
5052.03
5051.33
5050.63
5049.94
5049.25
5048.56
5047.88
5047.2
5046.53
5045.85
5045.19
5044.52
5043.86
5043.2
5042.54
5041.89
5041.24
5040.6
5039.95
5039.31
5038.68
5038.04
5037.41
5036.78
5036.16
5035.54
5034.92
5034.3
5033.69
5033.08
5032.47
5031.86
5031.26
5030.66
5030.06
5029.47
5028.88
5028.29
5027.7
5027.12
5026.54
5025.96
5025.38
5024.81
5024.24
5023.67
5023.1
5022.54
5021.98
5021.42
5020.86
5020.31
5019.76
5019.21
5018.66
5018.11
5017.57
5017.03
5016.49
5015.95
5015.42
5014.89
5014.36
5013.83
5013.3
5012.78
5012.26
5011.74
5011.22
5010.7
5010.19
5009.68
5009.17
5008.66
5008.15
5007.64
5007.14
5006.64
5006.14
5005.64
5005.15
5004.65
5004.16
5003.67
5003.18
5002.69
5002.21
5001.72
5001.24
5000.76
5000.28
4999.8
4999.33
4998.85
4998.38
4997.91
4997.44
4996.97
4996.51
4996.04
4995.58
4995.11
4994.65
4994.19
4993.73
4993.28
4992.82
4992.37
4991.92
4991.46
4991.02
4990.57
4990.12
4989.67
4989.23
4988.79
4988.34
4987.9
4987.46
4987.03
4986.59
4986.15
4985.72
4985.29
4984.85
4984.42
4983.99
4983.56
4983.14
4982.71
4982.29
4981.86
4981.44
4981.02
4980.6
4980.18
4979.76
4979.34
4978.93
4978.51
4978.1
4977.69
4977.28
4976.86
4976.46
4976.05
4975.64
4975.23
4974.83
4974.43
4974.02
4973.62
4973.22
4972.82
4972.42
4972.02
4971.63
4971.23
4970.84
4970.44
4970.05
4969.66
4969.27
4968.88
4968.49
4968.1
4967.71
4967.33
4966.94
4966.56
4966.18
4965.8
4965.41
4965.03
4964.66
4964.28
4963.9
4963.52
4963.15
4962.78
4962.4
4962.03
4961.66
4961.29
4960.92
4960.55
4960.18
4959.82
4959.45
4959.09
4958.72
4958.36
4958
4957.64
4957.28
4956.92
4956.56
4956.2
4955.85
4955.49
4955.14
4954.78
4954.43
4954.08
4953.73
4953.38
4953.03
4952.68
4952.33
4951.99
4951.64
4951.3
4950.95
4950.61
4950.27
4949.93
4949.59
4949.25
4948.91
4948.57
4948.24
4947.9
4947.57
4947.23
4946.9
4946.57
4946.24
4945.91
4945.58
4945.25
4944.92
4944.59
4944.27
4943.94
4943.62
4943.29
4942.97
4942.65
4942.33
4942.01
4941.69
4941.37
4941.05
4940.74
4940.42
4940.11
4939.79
4939.48
4939.17
4938.85
4938.54
4938.23
4937.92
4937.62
4937.31
4937
4936.7
4936.39
4936.09
4935.78
4935.48
4935.18
4934.88
4934.58
4934.28
4933.98
4933.68
4933.38
4933.09
4932.79
4932.5
4932.2
4931.91
4931.62
4931.32
4931.03
4930.74
4930.45
4930.16
4929.88
4929.59
4929.3
4929.02
4928.73
4928.45
4928.16
4927.88
4927.6
4927.32
4927.04
4926.76
4926.48
4926.2
4925.92
4925.64
4925.37
4925.09
4924.82
4924.54
4924.27
4924
4923.72
4923.45
4923.18
4922.91
4922.64
4922.37
4922.11
4921.84
4921.57
4921.31
4921.04
4920.78
4920.51
4920.25
4919.99
4919.72
4919.46
4919.2
4918.94
4918.68
4918.42
4918.16
4917.91
4917.65
4917.39
4917.14
4916.88
4916.63
4916.38
4916.12
4915.87
4915.62
4915.37
4915.12
4914.87
4914.62
4914.37
4914.12
4913.87
4913.62
4913.38
4913.13
4912.89
4912.64
4912.4
4912.15
4911.91
4911.67
4911.43
4911.19
4910.95
4910.71
4910.47
4910.23
4909.99
4909.75
4909.51
4909.28
4909.04
4908.81
4908.57
4908.34
4908.1
4907.87
4907.64
4907.4
4907.17
4906.94
4906.71
4906.48
4906.25
4906.02
4905.79
4905.56
4905.34
4905.11
4904.88
4904.66
4904.43
4904.21
4903.98
4903.76
4903.53
4903.31
4903.09
4902.87
4902.65
4902.42
4902.2
4901.98
4901.76
4901.55
4901.33
4901.11
4900.89
4900.67
4900.46
4900.24
4900.03
4899.81
4899.6
4899.38
4899.17
4898.96
4898.74
4898.53
4898.32
4898.11
4897.9
4897.69
4897.48
4897.27
4897.06
4896.85
4896.64
4896.43
4896.22
4896.02
4895.81
4895.61
4895.4
4895.19
4894.99
4894.79
4894.58
4894.38
4894.18
4893.97
4893.77
4893.57
4893.37
4893.17
4892.97
4892.77
4892.57
4892.37
4892.17
4891.97
4891.77
4891.58
4891.38
4891.18
4890.99
4890.79
4890.59
4890.4
4890.21
4890.01
4889.82
4889.62
4889.43
4889.24
4889.05
4888.85
4888.66
4888.47
4888.28
4888.09
4887.9
4887.71
4887.52
4887.33
4887.15
4886.96
4886.77
4886.58
4886.4
4886.21
4886.02
4885.84
4885.65
4885.47
4885.28
4885.1
4884.91
4884.73
4884.55
4884.36
4884.18
4884
4883.82
4883.64
4883.46
4883.28
4883.1
4882.92
4882.74
4882.56
4882.38
4882.2
4882.02
4881.84
4881.67
4881.49
4881.31
4881.14
4880.96
4880.78
4880.61
4880.43
4880.26
4880.08
4879.91
4879.74
4879.56
4879.39
4879.22
4879.05
4878.87
4878.7
4878.53
4878.36
4878.19
4878.02
4877.85
4877.68
4877.51
4877.34
4877.17
4877
4876.84
4876.67
4876.5
4876.33
4876.17
4876
4875.83
4875.67
4875.5
4875.34
4875.17
4875.01
4874.84
4874.68
4874.51
4874.35
4874.19
4874.03
4873.86
4873.7
4873.54
4873.38
4873.22
4873.05
4872.89
4872.73
4872.57
4872.41
4872.25
4872.09
4871.94
4871.78
4871.62
4871.46
4871.3
4871.15
4870.99
4870.83
4870.67
4870.52
4870.36
4870.21
4870.05
4869.9
4869.74
4869.59
4869.43
4869.28
4869.12
4868.97
4868.82
4868.66
4868.51
4868.36
4868.21
4868.05
4867.9
4867.75
4867.6
4867.45
4867.3
4867.15
4867
4866.85
4866.7
4866.55
4866.4
4866.25
4866.11
4865.96
4865.81
4865.66
4865.51
4865.37
4865.22
4865.07
4864.93
4864.78
4864.64
4864.49
4864.34
4864.2
4864.05
4863.91
4863.77
4863.62
4863.48
4863.33
4863.19
4863.05
4862.91
4862.76
4862.62
4862.48
4862.34
4862.2
4862.05
4861.91
4861.77
4861.63
4861.49
4861.35
4861.21
4861.07
4860.93
4860.79
4860.65
4860.52
4860.38
4860.24
4860.1
4859.96
4859.83
4859.69
4859.55
4859.42
4859.28
4859.14
4859.01
4858.87
4858.73
4858.6
4858.46
4858.33
4858.19
4858.06
4857.93
4857.79
4857.66
4857.52
4857.39
4857.26
4857.13
4856.99
4856.86
4856.73
4856.6
4856.46
4856.33
4856.2
4856.07
4855.94
4855.81
4855.68
4855.55
4855.42
4855.29
4855.16
4855.03
4854.9
4854.77
4854.64
4854.51
4854.38
4854.26
4854.13
4854
4853.87
4853.75
4853.62
4853.49
4853.37
4853.24
4853.11
4852.99
4852.86
4852.74
4852.61
4852.48
4852.36
4852.23
4852.11
4851.99
4851.86
4851.74
4851.61
4851.49
4851.37
4851.24
4851.12
4851
4850.87
4850.75
4850.63
4850.51
4850.39
4850.26
4850.14
4850.02
4849.9
4849.78
4849.66
4849.54
4849.42
4849.3
4849.18
4849.06
4848.94
4848.82
4848.7
4848.58
4848.46
4848.34
4848.23
4848.11
4847.99
4847.87
4847.75
4847.64
4847.52
4847.4
4847.29
4847.17
4847.05
4846.94
4846.82
4846.7
4846.59
4846.47
4846.36
4846.24
4846.13
4846.01
4845.9
4845.78
4845.67
4845.55
4845.44
4845.33
4845.21
4845.1
4844.99
4844.87
4844.76
4844.65
4844.53
4844.42
4844.31
4844.2
4844.08
4843.97
4843.86
4843.75
4843.64
4843.53
4843.42
4843.31
4843.2
4843.09
4842.97
4842.86
4842.75
4842.65
4842.54
4842.43
4842.32
4842.21
4842.1
4841.99
4841.88
4841.77
4841.67
4841.56
4841.45
4841.34
4841.23
4841.13
4841.02
4840.91
4840.81
4840.7
4840.59
4840.49
4840.38
4840.27
4840.17
4840.06
4839.96
4839.85
4839.74
4839.64
4839.53
4839.43
4839.32
4839.22
4839.12
4839.01
4838.91
4838.8
4838.7
4838.6
4838.49
4838.39
4838.29
4838.18
4838.08
4837.98
4837.87
4837.77
4837.67
4837.57
4837.47
4837.36
4837.26
4837.16
4837.06
4836.96
4836.86
4836.76
4836.66
4836.55
4836.45
4836.35
4836.25
4836.15
4836.05
4835.95
4835.85
4835.75
4835.66
4835.56
4835.46
4835.36
4835.26
4835.16
4835.06
4834.96
4834.87
4834.77
4834.67
4834.57
4834.47
4834.38
4834.28
4834.18
4834.09
4833.99
4833.89
4833.8
4833.7
4833.6
4833.51
4833.41
4833.31
4833.22
4833.12
4833.03
4832.93
4832.84
4832.74
4832.65
4832.55
4832.46
4832.36
4832.27
4832.17
4832.08
4831.99
4831.89
4831.8
4831.7
4831.61
4831.52
4831.42
4831.33
4831.24
4831.14
4831.05
4830.96
4830.87
4830.77
4830.68
4830.59
4830.5
4830.41
4830.32
4830.22
4830.13
4830.04
4829.95
4829.86
4829.77
4829.68
4829.59
4829.5
4829.41
4829.31
4829.22
4829.13
4829.04
4828.95
4828.87
4828.78
4828.69
4828.6
4828.51
4828.42
4828.33
4828.24
4828.15
4828.06
4827.98
4827.89
4827.8
4827.71
4827.62
4827.53
4827.45
4827.36
4827.27
4827.18
4827.1
4827.01
4826.92
4826.84
4826.75
4826.66
4826.58
4826.49
4826.4
4826.32
4826.23
4826.15
4826.06
4825.97
4825.89
4825.8
4825.72
4825.63
4825.55
4825.46
4825.38
4825.29
4825.21
4825.12
4825.04
4824.96
4824.87
4824.79
4824.7
4824.62
4824.54
4824.45
4824.37
4824.28
4824.2
4824.12
4824.04
4823.95
4823.87
4823.79
4823.7
4823.62
4823.54
4823.46
4823.37
4823.29
4823.21
4823.13
4823.05
4822.97
4822.88
4822.8
4822.72
4822.64
4822.56
4822.48
4822.4
4822.32
4822.24
4822.16
4822.07
4821.99
4821.91
4821.83
4821.75
4821.67
4821.59
4821.51
4821.44
4821.36
4821.28
4821.2
4821.12
4821.04
4820.96
4820.88
4820.8
4820.72
4820.65
4820.57
4820.49
4820.41
4820.33
4820.25
4820.18
4820.1
4820.02
4819.94
4819.87
4819.79
4819.71
4819.63
4819.56
4819.48
4819.4
4819.33
4819.25
4819.17
4819.1
4819.02
4818.94
4818.87
4818.79
4818.71
4818.64
4818.56
4818.49
4818.41
4818.34
4818.26
4818.19
4818.11
4818.03
4817.96
4817.88
4817.81
4817.74
4817.66
4817.59
4817.51
4817.44
4817.36
4817.29
4817.21
4817.14
4817.07
4816.99
4816.92
4816.85
4816.77
4816.7
4816.63
4816.55
4816.48
4816.41
4816.33
4816.26
4816.19
4816.11
4816.04
4815.97
4815.9
4815.83
4815.75
4815.68
4815.61
4815.54
4815.47
4815.39
4815.32
4815.25
4815.18
4815.11
4815.04
4814.96
4814.89
4814.82
4814.75
4814.68
4814.61
4814.54
4814.47
4814.4
4814.33
4814.26
4814.19
4814.12
4814.05
4813.98
4813.91
4813.84
4813.77
4813.7
4813.63
4813.56
4813.49
4813.42
4813.35
4813.28
4813.21
4813.15
4813.08
4813.01
4812.94
4812.87
4812.8
4812.73
4812.67
4812.6
4812.53
4812.46
4812.39
4812.33
4812.26
4812.19
4812.12
4812.05
4811.99
4811.92
4811.85
4811.79
4811.72
4811.65
4811.58
4811.52
4811.45
4811.38
4811.32
4811.25
4811.18
4811.12
4811.05
4810.99
4810.92
4810.85
4810.79
4810.72
4810.66
4810.59
4810.52
4810.46
4810.39
4810.33
4810.26
4810.2
4810.13
4810.07
4810
4809.94
4809.87
4809.81
4809.74
4809.68
4809.61
4809.55
4809.49
4809.42
4809.36
4809.29
4809.23
4809.17
4809.1
4809.04
4808.97
4808.91
4808.85
4808.78
4808.72
4808.66
4808.59
4808.53
4808.47
4808.4
4808.34
4808.28
4808.22
4808.15
4808.09
4808.03
4807.97
4807.9
4807.84
4807.78
4807.72
4807.65
4807.59
4807.53
4807.47
4807.41
4807.35
4807.28
4807.22
4807.16
4807.1
4807.04
4806.98
4806.92
4806.85
4806.79
4806.73
4806.67
4806.61
4806.55
4806.49
4806.43
4806.37
4806.31
4806.25
4806.19
4806.13
4806.07
4806.01
4805.95
4805.89
4805.83
4805.77
4805.71
4805.65
4805.59
4805.53
4805.47
4805.41
4805.35
4805.29
4805.23
4805.17
4805.11
4805.06
4805
4804.94
4804.88
4804.82
4804.76
4804.7
4804.64
4804.59
4804.53
4804.47
4804.41
4804.35
4804.3
4804.24
4804.18
4804.12
4804.06
4804.01
4803.95
4803.89
4803.83
4803.78
4803.72
4803.66
4803.6
4803.55
4803.49
4803.43
4803.38
4803.32
4803.26
4803.21
4803.15
4803.09
4803.04
4802.98
4802.92
4802.87
4802.81
4802.76
4802.7
4802.64
4802.59
4802.53
4802.48
4802.42
4802.36
4802.31
4802.25
4802.2
4802.14
4802.09
4802.03
4801.98
4801.92
4801.87
4801.81
4801.76
4801.7
4801.65
4801.59
4801.54
4801.48
4801.43
4801.37
4801.32
4801.26
4801.21
4801.16
4801.1
4801.05
4800.99
4800.94
4800.88
4800.83
4800.78
4800.72
4800.67
4800.62
4800.56
4800.51
4800.46
4800.4
4800.35
4800.3
4800.24
4800.19
4800.14
4800.08
4800.03
4799.98
4799.92
4799.87
4799.82
4799.77
4799.71
4799.66
4799.61
4799.56
4799.5
4799.45
4799.4
4799.35
4799.3
4799.24
4799.19
4799.14
4799.09
4799.04
4798.98
4798.93
4798.88
4798.83
4798.78
4798.73
4798.68
4798.62
4798.57
4798.52
4798.47
4798.42
4798.37
4798.32
4798.27
4798.22
4798.16
4798.11
4798.06
4798.01
4797.96
4797.91
4797.86
4797.81
4797.76
4797.71
4797.66
4797.61
4797.56
4797.51
4797.46
4797.41
4797.36
4797.31
4797.26
4797.21
4797.16
4797.11
4797.06
4797.01
4796.96
4796.91
4796.87
4796.82
4796.77
4796.72
4796.67
4796.62
4796.57
4796.52
4796.47
4796.42
4796.38
4796.33
4796.28
4796.23
4796.18
4796.13
4796.09
4796.04
4795.99
4795.94
4795.89
4795.84
4795.8
4795.75
4795.7
4795.65
4795.6
4795.56
4795.51
4795.46
4795.41
4795.37
4795.32
4795.27
4795.22
4795.18
4795.13
4795.08
4795.04
4794.99
4794.94
4794.89
4794.85
4794.8
4794.75
4794.71
4794.66
4794.61
4794.57
4794.52
4794.47
4794.43
4794.38
4794.33
4794.29
4794.24
4794.2
4794.15
4794.1
4794.06
4794.01
4793.97
4793.92
4793.87
4793.83
4793.78
4793.74
4793.69
4793.65
4793.6
4793.56
4793.51
4793.46
4793.42
4793.37
4793.33
4793.28
4793.24
4793.19
4793.15
4793.1
4793.06
4793.01
4792.97
4792.92
4792.88
4792.84
4792.79
4792.75
4792.7
4792.66
4792.61
4792.57
4792.52
4792.48
4792.44
4792.39
4792.35
4792.3
4792.26
4792.22
4792.17
4792.13
4792.08
4792.04
4792
4791.95
4791.91
4791.87
4791.82
4791.78
4791.74
4791.69
4791.65
4791.61
4791.56
4791.52
4791.48
4791.43
4791.39
4791.35
4791.31
4791.26
4791.22
4791.18
4791.13
4791.09
4791.05
4791.01
4790.96
4790.92
4790.88
4790.84
4790.79
4790.75
4790.71
4790.67
4790.63
4790.58
4790.54
4790.5
4790.46
4790.42
4790.37
4790.33
4790.29
4790.25
4790.21
4790.17
4790.12
4790.08
4790.04
4790
4789.96
4789.92
4789.88
4789.83
4789.79
4789.75
4789.71
4789.67
4789.63
4789.59
4789.55
4789.51
4789.47
4789.42
4789.38
4789.34
4789.3
4789.26
4789.22
4789.18
4789.14
4789.1
4789.06
4789.02
4788.98
4788.94
4788.9
4788.86
4788.82
4788.78
4788.74
4788.7
4788.66
4788.62
4788.58
4788.54
4788.5
4788.46
4788.42
4788.38
4788.34
4788.3
4788.26
4788.22
4788.18
4788.14
4788.11
4788.07
4788.03
4787.99
4787.95
4787.91
4787.87
4787.83
4787.79
4787.75
4787.71
4787.68
4787.64
4787.6
4787.56
4787.52
4787.48
4787.44
4787.41
4787.37
4787.33
4787.29
4787.25
4787.21
4787.18
4787.14
4787.1
4787.06
4787.02
4786.98
4786.95
4786.91
4786.87
4786.83
4786.8
4786.76
4786.72
4786.68
4786.64
4786.61
4786.57
4786.53
4786.49
4786.46
4786.42
4786.38
4786.34
4786.31
4786.27
4786.23
4786.2
4786.16
4786.12
4786.08
4786.05
4786.01
4785.97
4785.94
4785.9
4785.86
4785.83
4785.79
4785.75
4785.72
4785.68
4785.64
4785.61
4785.57
4785.53
4785.5
4785.46
4785.43
4785.39
4785.35
4785.32
4785.28
4785.24
4785.21
4785.17
4785.14
4785.1
4785.06
4785.03
4784.99
4784.96
4784.92
4784.89
4784.85
4784.81
4784.78
4784.74
4784.71
4784.67
4784.64
4784.6
4784.57
4784.53
4784.5
4784.46
4784.43
4784.39
4784.35
4784.32
4784.28
4784.25
4784.21
4784.18
4784.15
4784.11
4784.08
4784.04
4784.01
4783.97
4783.94
4783.9
4783.87
4783.83
4783.8
4783.76
4783.73
4783.7
4783.66
4783.63
4783.59
4783.56
4783.52
4783.49
4783.46
4783.42
4783.39
4783.35
4783.32
4783.29
4783.25
4783.22
4783.18
4783.15
4783.12
4783.08
4783.05
4783.02
4782.98
4782.95
4782.91
4782.88
4782.85
4782.81
4782.78
4782.75
4782.71
4782.68
4782.65
4782.61
4782.58
4782.55
4782.52
4782.48
4782.45
4782.42
4782.38
4782.35
4782.32
4782.28
4782.25
4782.22
4782.19
4782.15
4782.12
4782.09
4782.06
4782.02
4781.99
4781.96
4781.93
4781.89
4781.86
4781.83
4781.8
4781.76
4781.73
4781.7
4781.67
4781.64
4781.6
4781.57
4781.54
4781.51
4781.48
4781.44
4781.41
4781.38
4781.35
4781.32
4781.28
4781.25
4781.22
4781.19
4781.16
4781.13
4781.09
4781.06
4781.03
4781
4780.97
4780.94
4780.91
4780.87
4780.84
4780.81
4780.78
4780.75
4780.72
4780.69
4780.66
4780.63
4780.59
4780.56
4780.53
4780.5
4780.47
4780.44
4780.41
4780.38
4780.35
4780.32
4780.29
4780.26
4780.23
4780.19
4780.16
4780.13
4780.1
4780.07
4780.04
4780.01
4779.98
4779.95
4779.92
4779.89
4779.86
4779.83
4779.8
4779.77
4779.74
4779.71
4779.68
4779.65
4779.62
4779.59
4779.56
4779.53
4779.5
4779.47
4779.44
4779.41
4779.38
4779.35
4779.32
4779.29
4779.26
4779.23
4779.2
4779.18
4779.15
4779.12
4779.09
4779.06
4779.03
4779
4778.97
4778.94
4778.91
4778.88
4778.85
4778.82
4778.8
4778.77
4778.74
4778.71
4778.68
4778.65
4778.62
4778.59
4778.56
4778.54
4778.51
4778.48
4778.45
4778.42
4778.39
4778.36
4778.34
4778.31
4778.28
4778.25
4778.22
4778.19
4778.16
4778.14
4778.11
4778.08
4778.05
4778.02
4778
4777.97
4777.94
4777.91
4777.88
4777.85
4777.83
4777.8
4777.77
4777.74
4777.72
4777.69
4777.66
4777.63
4777.6
4777.58
4777.55
4777.52
4777.49
4777.47
4777.44
4777.41
4777.38
4777.36
4777.33
4777.3
4777.27
4777.25
4777.22
4777.19
4777.16
4777.14
4777.11
4777.08
4777.06
4777.03
4777
4776.97
4776.95
4776.92
4776.89
4776.87
4776.84
4776.81
4776.79
4776.76
4776.73
4776.71
4776.68
4776.65
4776.62
4776.6
4776.57
4776.55
4776.52
4776.49
4776.47
4776.44
4776.41
4776.39
4776.36
4776.33
4776.31
4776.28
4776.25
4776.23
4776.2
4776.18
4776.15
4776.12
4776.1
4776.07
4776.04
4776.02
4775.99
4775.97
4775.94
4775.92
4775.89
4775.86
4775.84
4775.81
4775.79
4775.76
4775.73
4775.71
4775.68
4775.66
4775.63
4775.61
4775.58
4775.55
4775.53
4775.5
4775.48
4775.45
4775.43
4775.4
4775.38
4775.35
4775.33
4775.3
4775.28
4775.25
4775.23
4775.2
4775.18
4775.15
4775.12
4775.1
4775.07
4775.05
4775.02
4775
4774.98
4774.95
4774.93
4774.9
4774.88
4774.85
4774.83
4774.8
4774.78
4774.75
4774.73
4774.7
4774.68
4774.65
4774.63
4774.6
4774.58
4774.56
4774.53
4774.51
4774.48
4774.46
4774.43
4774.41
4774.38
4774.36
4774.34
4774.31
4774.29
4774.26
4774.24
4774.22
4774.19
4774.17
4774.14
4774.12
4774.1
4774.07
4774.05
4774.02
4774
4773.98
4773.95
4773.93
4773.9
4773.88
4773.86
4773.83
4773.81
4773.79
4773.76
4773.74
4773.72
4773.69
4773.67
4773.64
4773.62
4773.6
4773.57
4773.55
4773.53
4773.5
4773.48
4773.46
4773.43
4773.41
4773.39
4773.36
4773.34
4773.32
4773.3
4773.27
4773.25
4773.23
4773.2
4773.18
4773.16
4773.13
4773.11
4773.09
4773.07
4773.04
4773.02
4773
4772.97
4772.95
4772.93
4772.91
4772.88
4772.86
4772.84
4772.82
4772.79
4772.77
4772.75
4772.73
4772.7
4772.68
4772.66
4772.64
4772.61
4772.59
4772.57
4772.55
4772.52
4772.5
4772.48
4772.46
4772.43
4772.41
4772.39
4772.37
4772.35
4772.32
4772.3
4772.28
4772.26
4772.24
4772.21
4772.19
4772.17
4772.15
4772.13
4772.1
4772.08
4772.06
4772.04
4772.02
4772
4771.97
4771.95
4771.93
4771.91
4771.89
4771.87
4771.84
4771.82
4771.8
4771.78
4771.76
4771.74
4771.71
4771.69
4771.67
4771.65
4771.63
4771.61
4771.59
4771.57
4771.54
4771.52
4771.5
4771.48
4771.46
4771.44
4771.42
4771.4
4771.37
4771.35
4771.33
4771.31
4771.29
4771.27
4771.25
4771.23
4771.21
4771.19
4771.16
4771.14
4771.12
4771.1
4771.08
4771.06
4771.04
4771.02
4771
4770.98
4770.96
4770.94
4770.92
4770.9
4770.88
4770.85
4770.83
4770.81
4770.79
4770.77
4770.75
4770.73
4770.71
4770.69
4770.67
4770.65
4770.63
4770.61
4770.59
4770.57
4770.55
4770.53
4770.51
4770.49
4770.47
4770.45
4770.43
4770.41
4770.39
4770.37
4770.35
4770.33
4770.31
4770.29
4770.27
4770.25
4770.23
4770.21
4770.19
4770.17
4770.15
4770.13
4770.11
4770.09
4770.07
4770.05
4770.03
4770.01
4769.99
4769.97
4769.95
4769.93
4769.91
4769.89
4769.87
4769.86
4769.84
4769.82
4769.8
4769.78
4769.76
4769.74
4769.72
4769.7
4769.68
4769.66
4769.64
4769.62
4769.6
4769.58
4769.57
4769.55
4769.53
4769.51
4769.49
4769.47
4769.45
4769.43
4769.41
4769.39
4769.37
4769.36
4769.34
4769.32
4769.3
4769.28
4769.26
4769.24
4769.22
4769.2
4769.19
4769.17
4769.15
4769.13
4769.11
4769.09
4769.07
4769.06
4769.04
4769.02
4769
4768.98
4768.96
4768.94
4768.93
4768.91
4768.89
4768.87
4768.85
4768.83
4768.81
4768.8
4768.78
4768.76
4768.74
4768.72
4768.7
4768.69
4768.67
4768.65
4768.63
4768.61
4768.6
4768.58
4768.56
4768.54
4768.52
4768.51
4768.49
4768.47
4768.45
4768.43
4768.42
4768.4
4768.38
4768.36
4768.34
4768.33
4768.31
4768.29
4768.27
4768.25
4768.24
4768.22
4768.2
4768.18
4768.17
4768.15
4768.13
4768.11
4768.1
4768.08
4768.06
4768.04
4768.02
4768.01
4767.99
4767.97
4767.95
4767.94
4767.92
4767.9
4767.88
4767.87
4767.85
4767.83
4767.82
4767.8
4767.78
4767.76
4767.75
4767.73
4767.71
4767.69
4767.68
4767.66
4767.64
4767.63
4767.61
4767.59
4767.57
4767.56
4767.54
4767.52
4767.51
4767.49
4767.47
4767.46
4767.44
4767.42
4767.4
4767.39
4767.37
4767.35
4767.34
4767.32
4767.3
4767.29
4767.27
4767.25
4767.24
4767.22
4767.2
4767.19
4767.17
4767.15
4767.14
4767.12
4767.1
4767.09
4767.07
4767.05
4767.04
4767.02
4767
4766.99
4766.97
4766.96
4766.94
4766.92
4766.91
4766.89
4766.87
4766.86
4766.84
4766.82
4766.81
4766.79
4766.78
4766.76
4766.74
4766.73
4766.71
4766.69
4766.68
4766.66
4766.65
4766.63
4766.61
4766.6
4766.58
4766.57
4766.55
4766.53
4766.52
4766.5
4766.49
4766.47
4766.45
4766.44
4766.42
4766.41
4766.39
4766.37
4766.36
4766.34
4766.33
4766.31
4766.3
4766.28
4766.26
4766.25
4766.23
4766.22
4766.2
4766.19
4766.17
4766.16
4766.14
4766.12
4766.11
4766.09
4766.08
4766.06
4766.05
4766.03
4766.02
4766
4765.98
4765.97
4765.95
4765.94
4765.92
4765.91
4765.89
4765.88
4765.86
4765.85
4765.83
4765.82
4765.8
4765.79
4765.77
4765.76
4765.74
4765.72
4765.71
4765.69
4765.68
4765.66
4765.65
4765.63
4765.62
4765.6
4765.59
4765.57
4765.56
4765.54
4765.53
4765.51
4765.5
4765.48
4765.47
4765.45
4765.44
4765.43
4765.41
4765.4
4765.38
4765.37
4765.35
4765.34
4765.32
4765.31
4765.29
4765.28
4765.26
4765.25
4765.23
4765.22
4765.2
4765.19
4765.18
4765.16
4765.15
4765.13
4765.12
4765.1
4765.09
4765.07
4765.06
4765.04
4765.03
4765.02
4765
4764.99
4764.97
4764.96
4764.94
4764.93
4764.92
4764.9
4764.89
4764.87
4764.86
4764.84
4764.83
4764.82
4764.8
4764.79
4764.77
4764.76
4764.75
4764.73
4764.72
4764.7
4764.69
4764.67
4764.66
4764.65
4764.63
4764.62
4764.6
4764.59
4764.58
4764.56
4764.55
4764.53
4764.52
4764.51
4764.49
4764.48
4764.47
4764.45
4764.44
4764.42
4764.41
4764.4
4764.38
4764.37
4764.36
4764.34
4764.33
4764.31
4764.3
4764.29
4764.27
4764.26
4764.25
4764.23
4764.22
4764.21
4764.19
4764.18
4764.16
4764.15
4764.14
4764.12
4764.11
4764.1
4764.08
4764.07
4764.06
4764.04
4764.03
4764.02
4764
4763.99
4763.98
4763.96
4763.95
4763.94
4763.92
4763.91
4763.9
4763.88
4763.87
4763.86
4763.84
4763.83
4763.82
4763.8
4763.79
4763.78
4763.77
4763.75
4763.74
4763.73
4763.71
4763.7
4763.69
4763.67
4763.66
4763.65
4763.64
4763.62
4763.61
4763.6
4763.58
4763.57
4763.56
4763.54
4763.53
4763.52
4763.51
4763.49
4763.48
4763.47
4763.45
4763.44
4763.43
4763.42
4763.4
4763.39
4763.38
4763.37
4763.35
4763.34
4763.33
4763.31
4763.3
4763.29
4763.28
4763.26
4763.25
4763.24
4763.23
4763.21
4763.2
4763.19
4763.18
4763.16
4763.15
4763.14
4763.13
4763.11
4763.1
4763.09
4763.08
4763.06
4763.05
4763.04
4763.03
4763.02
4763
4762.99
4762.98
4762.97
4762.95
4762.94
4762.93
4762.92
4762.9
4762.89
4762.88
4762.87
4762.86
4762.84
4762.83
4762.82
4762.81
4762.8
4762.78
4762.77
4762.76
4762.75
4762.74
4762.72
4762.71
4762.7
4762.69
4762.68
4762.66
4762.65
4762.64
4762.63
4762.62
4762.6
4762.59
4762.58
4762.57
4762.56
4762.54
4762.53
4762.52
4762.51
4762.5
4762.49
4762.47
4762.46
4762.45
4762.44
4762.43
4762.41
4762.4
4762.39
4762.38
4762.37
4762.36
4762.34
4762.33
4762.32
4762.31
4762.3
4762.29
4762.28
4762.26
4762.25
4762.24
4762.23
4762.22
4762.21
4762.19
4762.18
4762.17
4762.16
4762.15
4762.14
4762.13
4762.11
4762.1
4762.09
4762.08
4762.07
4762.06
4762.05
4762.03
4762.02
4762.01
4762
4761.99
4761.98
4761.97
4761.96
4761.94
4761.93
4761.92
4761.91
4761.9
4761.89
4761.88
4761.87
4761.86
4761.84
4761.83
4761.82
4761.81
4761.8
4761.79
4761.78
4761.77
4761.76
4761.74
4761.73
4761.72
4761.71
4761.7
4761.69
4761.68
4761.67
4761.66
4761.65
4761.63
4761.62
4761.61
4761.6
4761.59
4761.58
4761.57
4761.56
4761.55
4761.54
4761.53
4761.52
4761.5
4761.49
4761.48
4761.47
4761.46
4761.45
4761.44
4761.43
4761.42
4761.41
4761.4
4761.39
4761.38
4761.37
4761.36
4761.34
4761.33
4761.32
4761.31
4761.3
4761.29
4761.28
4761.27
4761.26
4761.25
4761.24
4761.23
4761.22
4761.21
4761.2
4761.19
4761.18
4761.17
4761.16
4761.15
4761.13
4761.12
4761.11
4761.1
4761.09
4761.08
4761.07
4761.06
4761.05
4761.04
4761.03
4761.02
4761.01
4761
4760.99
4760.98
4760.97
4760.96
4760.95
4760.94
4760.93
4760.92
4760.91
4760.9
4760.89
4760.88
4760.87
4760.86
4760.85
4760.84
4760.83
4760.82
4760.81
4760.8
4760.79
4760.78
4760.77
4760.76
4760.75
4760.74
4760.73
4760.72
4760.71
4760.7
4760.69
4760.68
4760.67
4760.66
4760.65
4760.64
4760.63
4760.62
4760.61
4760.6
4760.59
4760.58
4760.57
4760.56
4760.55
4760.54
4760.53
4760.52
4760.51
4760.5
4760.49
4760.48
4760.47
4760.46
4760.45
4760.44
4760.43
4760.42
4760.41
4760.4
4760.39
4760.38
4760.38
4760.37
4760.36
4760.35
4760.34
4760.33
4760.32
4760.31
4760.3
4760.29
4760.28
4760.27
4760.26
4760.25
4760.24
4760.23
4760.22
4760.21
4760.2
4760.19
4760.19
4760.18
4760.17
4760.16
4760.15
4760.14
4760.13
4760.12
4760.11
4760.1
4760.09
4760.08
4760.07
4760.06
4760.05
4760.04
4760.04
4760.03
4760.02
4760.01
4760
4759.99
4759.98
4759.97
4759.96
4759.95
4759.94
4759.93
4759.93
4759.92
4759.91
4759.9
4759.89
4759.88
4759.87
4759.86
4759.85
4759.84
4759.83
4759.83
4759.82
4759.81
4759.8
4759.79
4759.78
4759.77
4759.76
4759.75
4759.74
4759.74
4759.73
4759.72
4759.71
4759.7
4759.69
4759.68
4759.67
4759.66
4759.65
4759.65
4759.64
4759.63
4759.62
4759.61
4759.6
4759.59
4759.58
4759.58
4759.57
4759.56
4759.55
4759.54
4759.53
4759.52
4759.51
4759.51
4759.5
4759.49
4759.48
4759.47
4759.46
4759.45
4759.44
4759.44
4759.43
4759.42
4759.41
4759.4
4759.39
4759.38
4759.38
4759.37
4759.36
4759.35
4759.34
4759.33
4759.32
4759.32
4759.31
4759.3
4759.29
4759.28
4759.27
4759.26
4759.26
4759.25
4759.24
4759.23
4759.22
4759.21
4759.21
4759.2
4759.19
4759.18
4759.17
4759.16
4759.16
4759.15
4759.14
4759.13
4759.12
4759.11
4759.11
4759.1
4759.09
4759.08
4759.07
4759.06
4759.06
4759.05
4759.04
4759.03
4759.02
4759.01
4759.01
4759
4758.99
4758.98
4758.97
4758.97
4758.96
4758.95
4758.94
4758.93
4758.92
4758.92
4758.91
4758.9
4758.89
4758.88
4758.88
4758.87
4758.86
4758.85
4758.84
4758.84
4758.83
4758.82
4758.81
4758.8
4758.8
4758.79
4758.78
4758.77
4758.76
4758.76
4758.75
4758.74
4758.73
4758.72
4758.72
4758.71
4758.7
4758.69
4758.68
4758.68
4758.67
4758.66
4758.65
4758.65
4758.64
4758.63
4758.62
4758.61
4758.61
4758.6
4758.59
4758.58
4758.58
4758.57
4758.56
4758.55
4758.54
4758.54
4758.53
4758.52
4758.51
4758.51
4758.5
4758.49
4758.48
4758.48
4758.47
4758.46
4758.45
4758.44
4758.44
4758.43
4758.42
4758.41
4758.41
4758.4
4758.39
4758.38
4758.38
4758.37
4758.36
4758.35
4758.35
4758.34
4758.33
4758.32
4758.32
4758.31
4758.3
4758.29
4758.29
4758.28
4758.27
4758.26
4758.26
4758.25
4758.24
4758.23
4758.23
4758.22
4758.21
4758.2
4758.2
4758.19
4758.18
4758.17
4758.17
4758.16
4758.15
4758.15
4758.14
4758.13
4758.12
4758.12
4758.11
4758.1
4758.09
4758.09
4758.08
4758.07
4758.07
4758.06
4758.05
4758.04
4758.04
4758.03
4758.02
4758.01
4758.01
4758
4757.99
4757.99
4757.98
4757.97
4757.96
4757.96
4757.95
4757.94
4757.94
4757.93
4757.92
4757.91
4757.91
4757.9
4757.89
4757.89
4757.88
4757.87
4757.87
4757.86
4757.85
4757.84
4757.84
4757.83
4757.82
4757.82
4757.81
4757.8
4757.8
4757.79
4757.78
4757.77
4757.77
4757.76
4757.75
4757.75
4757.74
4757.73
4757.73
4757.72
4757.71
4757.71
4757.7
4757.69
4757.68
4757.68
4757.67
4757.66
4757.66
4757.65
4757.64
4757.64
4757.63
4757.62
4757.62
4757.61
4757.6
4757.6
4757.59
4757.58
4757.58
4757.57
4757.56
4757.56
4757.55
4757.54
4757.54
4757.53
4757.52
4757.52
4757.51
4757.5
4757.5
4757.49
4757.48
4757.48
4757.47
4757.46
4757.46
4757.45
4757.44
4757.44
4757.43
4757.42
4757.42
4757.41
4757.4
4757.4
4757.39
4757.38
4757.38
4757.37
4757.36
4757.36
4757.35
4757.34
4757.34
4757.33
4757.32
4757.32
4757.31
4757.31
4757.3
4757.29
4757.29
4757.28
4757.27
4757.27
4757.26
4757.25
4757.25
4757.24
4757.23
4757.23
4757.22
4757.22
4757.21
4757.2
4757.2
4757.19
4757.18
4757.18
4757.17
4757.16
4757.16
4757.15
4757.15
4757.14
4757.13
4757.13
4757.12
4757.11
4757.11
4757.1
4757.1
4757.09
4757.08
4757.08
4757.07
4757.06
4757.06
4757.05
4757.05
4757.04
4757.03
4757.03
4757.02
4757.01
4757.01
4757
4757
4756.99
4756.98
4756.98
4756.97
4756.97
4756.96
4756.95
4756.95
4756.94
4756.93
4756.93
4756.92
4756.92
4756.91
4756.9
4756.9
4756.89
4756.89
4756.88
4756.87
4756.87
4756.86
4756.86
4756.85
4756.84
4756.84
4756.83
4756.83
4756.82
4756.81
4756.81
4756.8
4756.8
4756.79
4756.78
4756.78
4756.77
4756.77
4756.76
4756.75
4756.75
4756.74
4756.74
4756.73
4756.73
4756.72
4756.71
4756.71
4756.7
4756.7
4756.69
4756.68
4756.68
4756.67
4756.67
4756.66
4756.65
4756.65
4756.64
4756.64
4756.63
4756.63
4756.62
4756.61
4756.61
4756.6
4756.6
4756.59
4756.59
4756.58
4756.57
4756.57
4756.56
4756.56
4756.55
4756.55
4756.54
4756.53
4756.53
4756.52
4756.52
4756.51
4756.51
4756.5
4756.49
4756.49
4756.48
4756.48
4756.47
4756.47
4756.46
4756.46
4756.45
4756.44
4756.44
4756.43
4756.43
4756.42
4756.42
4756.41
4756.4
4756.4
4756.39
4756.39
4756.38
4756.38
4756.37
4756.37
4756.36
4756.36
4756.35
4756.34
4756.34
4756.33
4756.33
4756.32
4756.32
4756.31
4756.31
4756.3
4756.29
4756.29
4756.28
4756.28
4756.27
4756.27
4756.26
4756.26
4756.25
4756.25
4756.24
4756.24
4756.23
4756.22
4756.22
4756.21
4756.21
4756.2
4756.2
4756.19
4756.19
4756.18
4756.18
4756.17
4756.17
4756.16
4756.16
4756.15
4756.14
4756.14
4756.13
4756.13
4756.12
4756.12
4756.11
4756.11
4756.1
4756.1
4756.09
4756.09
4756.08
4756.08
4756.07
4756.07
4756.06
4756.06
4756.05
4756.05
4756.04
4756.03
4756.03
4756.02
4756.02
4756.01
4756.01
4756
4756
4755.99
4755.99
4755.98
4755.98
4755.97
4755.97
4755.96
4755.96
4755.95
4755.95
4755.94
4755.94
4755.93
4755.93
4755.92
4755.92
4755.91
4755.91
4755.9
4755.9
4755.89
4755.89
4755.88
4755.88
4755.87
4755.87
4755.86
4755.86
4755.85
4755.85
4755.84
4755.84
4755.83
4755.83
4755.82
4755.82
4755.81
4755.81
4755.8
4755.8
4755.79
4755.79
4755.78
4755.78
4755.77
4755.77
4755.76
4755.76
4755.75
4755.75
4755.74
4755.74
4755.73
4755.73
4755.72
4755.72
4755.71
4755.71
4755.7
4755.7
4755.69
4755.69
4755.68
4755.68
4755.68
4755.67
4755.67
4755.66
4755.66
4755.65
4755.65
4755.64
4755.64
4755.63
4755.63
4755.62
4755.62
4755.61
4755.61
4755.6
4755.6
4755.59
4755.59
4755.58
4755.58
4755.58
4755.57
4755.57
4755.56
4755.56
4755.55
4755.55
4755.54
4755.54
4755.53
4755.53
4755.52
4755.52
4755.51
4755.51
4755.51
4755.5
4755.5
4755.49
4755.49
4755.48
4755.48
4755.47
4755.47
4755.46
4755.46
4755.45
4755.45
4755.45
4755.44
4755.44
4755.43
4755.43
4755.42
4755.42
4755.41
4755.41
4755.4
4755.4
4755.39
4755.39
4755.39
4755.38
4755.38
4755.37
4755.37
4755.36
4755.36
4755.35
4755.35
4755.35
4755.34
4755.34
4755.33
4755.33
4755.32
4755.32
4755.31
4755.31
4755.31
4755.3
4755.3
4755.29
4755.29
4755.28
4755.28
4755.27
4755.27
4755.27
4755.26
4755.26
4755.25
4755.25
4755.24
4755.24
4755.23
4755.23
4755.23
4755.22
4755.22
4755.21
4755.21
4755.2
4755.2
4755.2
4755.19
4755.19
4755.18
4755.18
4755.17
4755.17
4755.17
4755.16
4755.16
4755.15
4755.15
4755.14
4755.14
4755.14
4755.13
4755.13
4755.12
4755.12
4755.11
4755.11
4755.11
4755.1
4755.1
4755.09
4755.09
4755.08
4755.08
4755.08
4755.07
4755.07
4755.06
4755.06
4755.06
4755.05
4755.05
4755.04
4755.04
4755.03
4755.03
4755.03
4755.02
4755.02
4755.01
4755.01
4755.01
4755
4755
4754.99
4754.99
4754.98
4754.98
4754.98
4754.97
4754.97
4754.96
4754.96
4754.96
4754.95
4754.95
4754.94
4754.94
4754.94
4754.93
4754.93
4754.92
4754.92
4754.92
4754.91
4754.91
4754.9
4754.9
4754.9
4754.89
4754.89
4754.88
4754.88
4754.87
4754.87
4754.87
4754.86
4754.86
4754.86
4754.85
4754.85
4754.84
4754.84
4754.84
4754.83
4754.83
4754.82
4754.82
4754.82
4754.81
4754.81
4754.8
4754.8
4754.8
4754.79
4754.79
4754.78
4754.78
4754.78
4754.77
4754.77
4754.76
4754.76
4754.76
4754.75
4754.75
4754.75
4754.74
4754.74
4754.73
4754.73
4754.73
4754.72
4754.72
4754.71
4754.71
4754.71
4754.7
4754.7
4754.7
4754.69
4754.69
4754.68
4754.68
4754.68
4754.67
4754.67
4754.66
4754.66
4754.66
4754.65
4754.65
4754.65
4754.64
4754.64
4754.63
4754.63
4754.63
4754.62
4754.62
4754.62
4754.61
4754.61
4754.6
4754.6
4754.6
4754.59
4754.59
4754.59
4754.58
4754.58
4754.57
4754.57
4754.57
4754.56
4754.56
4754.56
4754.55
4754.55
4754.55
4754.54
4754.54
4754.53
4754.53
4754.53
4754.52
4754.52
4754.52
4754.51
4754.51
4754.51
4754.5
4754.5
4754.49
4754.49
4754.49
4754.48
4754.48
4754.48
4754.47
4754.47
4754.47
4754.46
4754.46
4754.45
4754.45
4754.45
4754.44
4754.44
4754.44
4754.43
4754.43
4754.43
4754.42
4754.42
4754.42
4754.41
4754.41
4754.4
4754.4
4754.4
4754.39
4754.39
4754.39
4754.38
4754.38
4754.38
4754.37
4754.37
4754.37
4754.36
4754.36
4754.36
4754.35
4754.35
4754.35
4754.34
4754.34
4754.33
4754.33
4754.33
4754.32
4754.32
4754.32
4754.31
4754.31
4754.31
4754.3
4754.3
4754.3
4754.29
4754.29
4754.29
4754.28
4754.28
4754.28
4754.27
4754.27
4754.27
4754.26
4754.26
4754.26
4754.25
4754.25
4754.25
4754.24
4754.24
4754.24
4754.23
4754.23
4754.23
4754.22
4754.22
4754.22
4754.21
4754.21
4754.21
4754.2
4754.2
4754.2
4754.19
4754.19
4754.19
4754.18
4754.18
4754.18
4754.17
4754.17
4754.17
4754.16
4754.16
4754.16
4754.15
4754.15
4754.15
4754.14
4754.14
4754.14
4754.13
4754.13
4754.13
4754.12
4754.12
4754.12
4754.11
4754.11
4754.11
4754.1
4754.1
4754.1
4754.09
4754.09
4754.09
4754.09
4754.08
4754.08
4754.08
4754.07
4754.07
4754.07
4754.06
4754.06
4754.06
4754.05
4754.05
4754.05
4754.04
4754.04
4754.04
4754.03
4754.03
4754.03
4754.02
4754.02
4754.02
4754.02
4754.01
4754.01
4754.01
4754
4754
4754
4753.99
4753.99
4753.99
4753.98
4753.98
4753.98
4753.97
4753.97
4753.97
4753.97
4753.96
4753.96
4753.96
4753.95
4753.95
4753.95
4753.94
4753.94
4753.94
4753.93
4753.93
4753.93
4753.93
4753.92
4753.92
4753.92
4753.91
4753.91
4753.91
4753.9
4753.9
4753.9
4753.9
4753.89
4753.89
4753.89
4753.88
4753.88
4753.88
4753.87
4753.87
4753.87
4753.87
4753.86
4753.86
4753.86
4753.85
4753.85
4753.85
4753.84
4753.84
4753.84
4753.84
4753.83
4753.83
4753.83
4753.82
4753.82
4753.82
4753.82
4753.81
4753.81
4753.81
4753.8
4753.8
4753.8
4753.79
4753.79
4753.79
4753.79
4753.78
4753.78
4753.78
4753.77
4753.77
4753.77
4753.77
4753.76
4753.76
4753.76
4753.75
4753.75
4753.75
4753.75
4753.74
4753.74
4753.74
4753.73
4753.73
4753.73
4753.73
4753.72
4753.72
4753.72
4753.71
4753.71
4753.71
4753.71
4753.7
4753.7
4753.7
4753.69
4753.69
4753.69
4753.69
4753.68
4753.68
4753.68
4753.67
4753.67
4753.67
4753.67
4753.66
4753.66
4753.66
4753.66
4753.65
4753.65
4753.65
4753.64
4753.64
4753.64
4753.64
4753.63
4753.63
4753.63
4753.62
4753.62
4753.62
4753.62
4753.61
4753.61
4753.61
4753.61
4753.6
4753.6
4753.6
4753.59
4753.59
4753.59
4753.59
4753.58
4753.58
4753.58
4753.58
4753.57
4753.57
4753.57
4753.57
4753.56
4753.56
4753.56
4753.55
4753.55
4753.55
4753.55
4753.54
4753.54
4753.54
4753.54
4753.53
4753.53
4753.53
4753.53
4753.52
4753.52
4753.52
4753.51
4753.51
4753.51
4753.51
4753.5
4753.5
4753.5
4753.5
4753.49
4753.49
4753.49
4753.49
4753.48
4753.48
4753.48
4753.48
4753.47
4753.47
4753.47
4753.47
4753.46
4753.46
4753.46
4753.45
4753.45
4753.45
4753.45
4753.44
4753.44
4753.44
4753.44
4753.43
4753.43
4753.43
4753.43
4753.42
4753.42
4753.42
4753.42
4753.41
4753.41
4753.41
4753.41
4753.4
4753.4
4753.4
4753.4
4753.39
4753.39
4753.39
4753.39
4753.38
4753.38
4753.38
4753.38
4753.37
4753.37
4753.37
4753.37
4753.36
4753.36
4753.36
4753.36
4753.35
4753.35
4753.35
4753.35
4753.34
4753.34
4753.34
4753.34
4753.33
4753.33
4753.33
4753.33
4753.32
4753.32
4753.32
4753.32
4753.31
4753.31
4753.31
4753.31
4753.31
4753.3
4753.3
4753.3
4753.3
4753.29
4753.29
4753.29
4753.29
4753.28
4753.28
4753.28
4753.28
4753.27
4753.27
4753.27
4753.27
4753.26
4753.26
4753.26
4753.26
4753.25
4753.25
4753.25
4753.25
4753.25
4753.24
4753.24
4753.24
4753.24
4753.23
4753.23
4753.23
4753.23
4753.22
4753.22
4753.22
4753.22
4753.22
4753.21
4753.21
4753.21
4753.21
4753.2
4753.2
4753.2
4753.2
4753.19
4753.19
4753.19
4753.19
4753.18
4753.18
4753.18
4753.18
4753.18
4753.17
4753.17
4753.17
4753.17
4753.16
4753.16
4753.16
4753.16
4753.16
4753.15
4753.15
4753.15
4753.15
4753.14
4753.14
4753.14
4753.14
4753.13
4753.13
4753.13
4753.13
4753.13
4753.12
4753.12
4753.12
4753.12
4753.11
4753.11
4753.11
4753.11
4753.11
4753.1
4753.1
4753.1
4753.1
4753.09
4753.09
4753.09
4753.09
4753.09
4753.08
4753.08
4753.08
4753.08
4753.07
4753.07
4753.07
4753.07
4753.07
4753.06
4753.06
4753.06
4753.06
4753.06
4753.05
4753.05
4753.05
4753.05
4753.04
4753.04
4753.04
4753.04
4753.04
4753.03
4753.03
4753.03
4753.03
4753.03
4753.02
4753.02
4753.02
4753.02
4753.01
4753.01
4753.01
4753.01
4753.01
4753
4753
4753
4753
4753
4752.99
4752.99
4752.99
4752.99
4752.98
4752.98
4752.98
4752.98
4752.98
4752.97
4752.97
4752.97
4752.97
4752.97
4752.96
4752.96
4752.96
4752.96
4752.96
4752.95
4752.95
4752.95
4752.95
4752.95
4752.94
4752.94
4752.94
4752.94
4752.94
4752.93
4752.93
4752.93
4752.93
4752.92
4752.92
4752.92
4752.92
4752.92
4752.91
4752.91
4752.91
4752.91
4752.91
4752.9
4752.9
4752.9
4752.9
4752.9
4752.89
4752.89
4752.89
4752.89
4752.89
4752.88
4752.88
4752.88
4752.88
4752.88
4752.87
4752.87
4752.87
4752.87
4752.87
4752.86
4752.86
4752.86
4752.86
4752.86
4752.85
4752.85
4752.85
4752.85
4752.85
4752.85
4752.84
4752.84
4752.84
4752.84
4752.84
4752.83
4752.83
4752.83
4752.83
4752.83
4752.82
4752.82
4752.82
4752.82
4752.82
4752.81
4752.81
4752.81
4752.81
4752.81
4752.8
4752.8
4752.8
4752.8
4752.8
4752.79
4752.79
4752.79
4752.79
4752.79
4752.79
4752.78
4752.78
4752.78
4752.78
4752.78
4752.77
4752.77
4752.77
4752.77
4752.77
4752.76
4752.76
4752.76
4752.76
4752.76
4752.76
4752.75
4752.75
4752.75
4752.75
4752.75
4752.74
4752.74
4752.74
4752.74
4752.74
4752.73
4752.73
4752.73
4752.73
4752.73
4752.73
4752.72
4752.72
4752.72
4752.72
4752.72
4752.71
4752.71
4752.71
4752.71
4752.71
4752.71
4752.7
4752.7
4752.7
4752.7
4752.7
4752.69
4752.69
4752.69
4752.69
4752.69
4752.69
4752.68
4752.68
4752.68
4752.68
4752.68
4752.67
4752.67
4752.67
4752.67
4752.67
4752.67
4752.66
4752.66
4752.66
4752.66
4752.66
4752.66
4752.65
4752.65
4752.65
4752.65
4752.65
4752.64
4752.64
4752.64
4752.64
4752.64
4752.64
4752.63
4752.63
4752.63
4752.63
4752.63
4752.63
4752.62
4752.62
4752.62
4752.62
4752.62
4752.62
4752.61
4752.61
4752.61
4752.61
4752.61
4752.6
4752.6
4752.6
4752.6
4752.6
4752.6
4752.59
4752.59
4752.59
4752.59
4752.59
4752.59
4752.58
4752.58
4752.58
4752.58
4752.58
4752.58
4752.57
4752.57
4752.57
4752.57
4752.57
4752.57
4752.56
4752.56
4752.56
4752.56
