16759.2
12688.6
11404
11317.1
11359.6
11328
11229.4
11086.4
10912.2
10714.5
10498.9
10271.3
10037.1
9800.61
9563.83
9327.51
9091.74
8856.77
8623.45
8393.27
8168.3
7950.93
7743.6
7548.6
7367.8
7202.47
7053.29
6920.25
6802.85
6700.16
6611
6534.08
6468.08
6411.72
6363.8
6323.24
6289.05
6260.36
6236.39
6216.47
6200
6186.45
6175.37
6166.38
6159.12
6153.29
6148.64
6144.95
6142.01
6139.66
6137.76
6136.18
6134.82
6133.58
6132.4
6131.2
6129.93
6128.55
6127.02
6125.3
6123.37
6121.22
6118.83
6116.18
6113.27
6110.09
6106.64
6102.93
6098.94
6094.69
6090.18
6085.42
6080.4
6075.14
6069.65
6063.93
6057.99
6051.84
6045.49
6038.95
6032.22
6025.32
6018.26
6011.04
6003.67
5996.16
5988.52
5980.76
5972.88
5964.89
5956.81
5948.63
5940.37
5932.03
5923.62
5915.14
5906.61
5898.02
5889.39
5880.7
5871.99
5863.23
5854.47
5845.64
5836.86
5827.98
5819.2
5810.26
5801.52
5792.53
5783.86
5774.78
5766.26
5757.05
5748.77
5739.32
5731.45
5721.58
5714.38
5703.78
5697.71
5685.81
5681.62
5667.47
5666.45
5648.4
5652.75
5627.98
5641.4
5605.13
5633.93
5578.07
5632.91
5543.83
5642.74
5497.67
5671.03
5432.31
5731.24
5337.61
5847.5
5202.41
6063
5024.14
6448.19
4836.32
7072.1
4739.95
7813.21
4795.61
8124.07
4797.88
7717.45
4698.58
7078.25
4704.52
6584.93
4796.68
6274.19
4900.98
6082.11
4990.37
5956.61
5061.35
5868.03
5116.65
5800.69
5159.77
5746.27
5193.64
5700.29
5220.52
5660.2
5242.08
5624.52
5259.53
5592.37
5273.74
5563.16
5285.36
5536.5
5294.84
5512.09
5302.53
5489.74
5308.69
5469.26
5313.52
5450.5
5317.17
5433.32
5319.77
5417.62
5321.44
5403.26
5322.26
5390.15
5322.33
5378.18
5321.73
5367.24
5320.54
5357.25
5318.83
5348.11
5316.67
5339.73
5314.14
5332.04
5311.29
5324.94
5308.17
5318.38
5304.86
5312.29
5301.38
5306.6
5297.79
5301.27
5294.12
5296.25
5290.4
5291.49
5286.66
5286.96
5282.92
5282.64
5279.2
5278.49
5275.52
5274.5
5271.88
5270.64
5268.28
5266.91
5264.75
5263.28
5261.28
5259.75
5257.87
5256.31
5254.52
5252.95
5251.23
5249.67
5248.01
5246.46
5244.85
5243.32
5241.75
5240.24
5238.71
5237.21
5235.72
5234.25
5232.78
5231.34
5229.9
5228.48
5227.07
5225.68
5224.29
5222.92
5221.55
5220.2
5218.86
5217.53
5216.21
5214.9
5213.6
5212.31
5211.03
5209.76
5208.5
5207.25
5206.01
5204.78
5203.56
5202.34
5201.13
5199.93
5198.74
5197.56
5196.39
5195.22
5194.06
5192.91
5191.76
5190.63
5189.5
5188.38
5187.26
5186.15
5185.05
5183.95
5182.86
5181.78
5180.7
5179.63
5178.57
5177.51
5176.46
5175.41
5174.37
5173.33
5172.3
5171.28
5170.26
5169.25
5168.24
5167.24
5166.24
5165.25
5164.26
5163.27
5162.3
5161.32
5160.35
5159.39
5158.43
5157.47
5156.52
5155.58
5154.63
5153.7
5152.76
5151.83
5150.91
5149.98
5149.07
5148.15
5147.24
5146.34
5145.43
5144.53
5143.64
5142.75
5141.86
5140.97
5140.09
5139.21
5138.34
5137.47
5136.6
5135.73
5134.87
5134.01
5133.16
5132.3
5131.45
5130.61
5129.76
5128.92
5128.08
5127.25
5126.41
5125.58
5124.76
5123.93
5123.11
5122.29
5121.47
5120.66
5119.84
5119.03
5118.22
5117.42
5116.61
5115.81
5115.01
5114.22
5113.42
5112.63
5111.84
5111.05
5110.26
5109.48
5108.69
5107.91
5107.13
5106.35
5105.58
5104.8
5104.03
5103.26
5102.49
5101.73
5100.96
5100.2
5099.43
5098.67
5097.91
5097.15
5096.4
5095.64
5094.89
5094.14
5093.38
5092.63
5091.89
5091.14
5090.39
5089.65
5088.9
5088.16
5087.42
5086.68
5085.94
5085.2
5084.47
5083.73
5083
5082.26
5081.53
5080.8
5080.07
5079.34
5078.61
5077.89
5077.16
5076.43
5075.71
5074.99
5074.26
5073.54
5072.82
5072.1
5071.38
5070.66
5069.94
5069.23
5068.51
5067.8
5067.08
5066.37
5065.66
5064.94
5064.23
5063.52
5062.81
5062.1
5061.4
5060.69
5059.98
5059.28
5058.57
5057.87
5057.16
5056.46
5055.76
5055.06
5054.36
5053.66
5052.96
5052.27
5051.57
5050.87
5050.18
5049.48
5048.79
5048.1
5047.41
5046.72
5046.03
5045.34
5044.65
5043.96
5043.28
5042.59
5041.91
5041.23
5040.54
5039.86
5039.18
5038.5
5037.83
5037.15
5036.47
5035.8
5035.13
5034.46
5033.78
5033.12
5032.45
5031.78
5031.11
5030.45
5029.79
5029.12
5028.46
5027.8
5027.15
5026.49
5025.84
5025.18
5024.53
5023.88
5023.23
5022.58
5021.94
5021.29
5020.65
5020.01
5019.37
5018.73
5018.1
5017.46
5016.83
5016.2
5015.57
5014.94
5014.32
5013.7
5013.08
5012.46
5011.84
5011.22
5010.61
5010
5009.39
5008.78
5008.18
5007.58
5006.97
5006.38
5005.78
5005.19
5004.59
5004
5003.42
5002.83
5002.25
5001.67
5001.09
5000.52
4999.94
4999.37
4998.8
4998.24
4997.67
4997.11
4996.55
4996
4995.45
4994.89
4994.35
4993.8
4993.26
4992.72
4992.18
4991.64
4991.11
4990.58
4990.05
4989.53
4989.01
4988.49
4987.97
4987.46
4986.95
4986.44
4985.93
4985.43
4984.93
4984.43
4983.94
4983.45
4982.96
4982.47
4981.99
4981.51
4981.03
4980.56
4980.08
4979.61
4979.15
4978.68
4978.22
4977.77
4977.31
4976.86
4976.41
4975.96
4975.52
4975.07
4974.64
4974.2
4973.77
4973.34
4972.91
4972.48
4972.06
4971.64
4971.23
4970.81
4970.4
4969.99
4969.59
4969.18
4968.78
4968.39
4967.99
4967.6
4967.21
4966.82
4966.44
4966.06
4965.68
4965.3
4964.93
4964.56
4964.19
4963.82
4963.46
4963.1
4962.74
4962.39
4962.03
4961.68
4961.33
4960.99
4960.65
4960.31
4959.97
4959.63
4959.3
4958.97
4958.64
4958.31
4957.99
4957.67
4957.35
4957.03
4956.72
4956.4
4956.09
4955.79
4955.48
4955.18
4954.88
4954.58
4954.28
4953.99
4953.7
4953.41
4953.12
4952.83
4952.55
4952.27
4951.99
4951.71
4951.44
4951.16
4950.89
4950.62
4950.36
4950.09
4949.83
4949.57
4949.31
4949.05
4948.8
4948.54
4948.29
4948.04
4947.79
4947.55
4947.3
4947.06
4946.82
4946.58
4946.35
4946.11
4945.88
4945.65
4945.42
4945.19
4944.96
4944.74
4944.51
4944.29
4944.07
4943.85
4943.64
4943.42
4943.21
4943
4942.79
4942.58
4942.37
4942.17
4941.96
4941.76
4941.56
4941.36
4941.16
4940.96
4940.77
4940.58
4940.38
4940.19
4940
4939.82
4939.63
4939.44
4939.26
4939.08
4938.9
4938.72
4938.54
4938.36
4938.18
4938.01
4937.83
4937.66
4937.49
4937.32
4937.15
4936.99
4936.82
4936.65
4936.49
4936.33
4936.17
4936.01
4935.85
4935.69
4935.53
4935.38
4935.22
4935.07
4934.91
4934.76
4934.61
4934.46
4934.31
4934.17
4934.02
4933.88
4933.73
4933.59
4933.45
4933.3
4933.16
4933.02
4932.89
4932.75
4932.61
4932.48
4932.34
4932.21
4932.07
4931.94
4931.81
4931.68
4931.55
4931.42
4931.3
4931.17
4931.04
4930.92
4930.79
4930.67
4930.55
4930.42
4930.3
4930.18
4930.06
4929.94
4929.83
4929.71
4929.59
4929.48
4929.36
4929.25
4929.13
4929.02
4928.91
4928.8
4928.68
4928.57
4928.47
4928.36
4928.25
4928.14
4928.03
4927.93
4927.82
4927.72
4927.61
4927.51
4927.41
4927.3
4927.2
4927.1
4927
4926.9
4926.8
4926.7
4926.6
4926.51
4926.41
4926.31
4926.22
4926.12
4926.02
4925.93
4925.84
4925.74
4925.65
4925.56
4925.47
4925.37
4925.28
4925.19
4925.1
4925.01
4924.93
4924.84
4924.75
4924.66
4924.57
4924.49
4924.4
4924.32
4924.23
4924.15
4924.06
4923.98
4923.9
4923.81
4923.73
4923.65
4923.57
4923.48
4923.4
4923.32
4923.24
4923.16
4923.08
4923.01
4922.93
4922.85
4922.77
4922.69
4922.62
4922.54
4922.46
4922.39
4922.31
4922.24
4922.16
4922.09
4922.01
4921.94
4921.87
4921.79
4921.72
4921.65
4921.58
4921.5
4921.43
4921.36
4921.29
4921.22
4921.15
4921.08
4921.01
4920.94
4920.87
4920.8
4920.73
4920.67
4920.6
4920.53
4920.46
4920.4
4920.33
4920.26
4920.2
4920.13
4920.06
4920
4919.93
4919.87
4919.8
4919.74
4919.68
4919.61
4919.55
4919.48
4919.42
4919.36
4919.3
4919.23
4919.17
4919.11
4919.05
4918.99
4918.92
4918.86
4918.8
4918.74
4918.68
4918.62
4918.56
4918.5
4918.44
4918.38
4918.32
4918.26
4918.2
4918.15
4918.09
4918.03
4917.97
4917.91
4917.86
4917.8
4917.74
4917.68
4917.63
4917.57
4917.51
4917.46
4917.4
4917.35
4917.29
4917.24
4917.18
4917.12
4917.07
4917.01
4916.96
4916.91
4916.85
4916.8
4916.74
4916.69
4916.64
4916.58
4916.53
4916.48
4916.42
4916.37
4916.32
4916.26
4916.21
4916.16
4916.11
4916.06
4916
4915.95
4915.9
4915.85
4915.8
4915.75
4915.7
4915.64
4915.59
4915.54
4915.49
4915.44
4915.39
4915.34
4915.29
4915.24
4915.19
4915.14
4915.09
4915.04
4915
4914.95
4914.9
4914.85
4914.8
4914.75
4914.7
4914.65
4914.61
4914.56
4914.51
4914.46
4914.42
4914.37
4914.32
4914.27
4914.23
4914.18
4914.13
4914.08
4914.04
4913.99
4913.94
4913.9
4913.85
4913.81
4913.76
4913.71
4913.67
4913.62
4913.58
4913.53
4913.49
4913.44
4913.39
4913.35
4913.3
4913.26
4913.21
4913.17
4913.13
4913.08
4913.04
4912.99
4912.95
4912.9
4912.86
4912.81
4912.77
4912.73
4912.68
4912.64
4912.6
4912.55
4912.51
4912.47
4912.42
4912.38
4912.34
4912.29
4912.25
4912.21
4912.17
4912.12
4912.08
4912.04
4912
4911.95
4911.91
4911.87
4911.83
4911.79
4911.74
4911.7
4911.66
4911.62
4911.58
4911.54
4911.49
4911.45
4911.41
4911.37
4911.33
4911.29
4911.25
4911.21
4911.17
4911.13
4911.08
4911.04
4911
4910.96
4910.92
4910.88
4910.84
4910.8
4910.76
4910.72
4910.68
4910.64
4910.6
4910.56
4910.52
4910.49
4910.45
4910.41
4910.37
4910.33
4910.29
4910.25
4910.21
4910.17
4910.13
4910.09
4910.06
4910.02
4909.98
4909.94
4909.9
4909.86
4909.83
4909.79
4909.75
4909.71
4909.67
4909.63
4909.6
4909.56
4909.52
4909.48
4909.45
4909.41
4909.37
4909.33
4909.3
4909.26
4909.22
4909.18
4909.15
4909.11
4909.07
4909.04
4909
4908.96
4908.93
4908.89
4908.85
4908.82
4908.78
4908.74
4908.71
4908.67
4908.63
4908.6
4908.56
4908.52
4908.49
4908.45
4908.42
4908.38
4908.35
4908.31
4908.27
4908.24
4908.2
4908.17
4908.13
4908.1
4908.06
4908.03
4907.99
4907.95
4907.92
4907.88
4907.85
4907.81
4907.78
4907.74
4907.71
4907.68
4907.64
4907.61
4907.57
4907.54
4907.5
4907.47
4907.43
4907.4
4907.37
4907.33
4907.3
4907.26
4907.23
4907.19
4907.16
4907.13
4907.09
4907.06
4907.03
4906.99
4906.96
4906.92
4906.89
4906.86
4906.82
4906.79
4906.76
4906.72
4906.69
4906.66
4906.63
4906.59
4906.56
4906.53
4906.49
4906.46
4906.43
4906.4
4906.36
4906.33
4906.3
4906.26
4906.23
4906.2
4906.17
4906.14
4906.1
4906.07
4906.04
4906.01
4905.97
4905.94
4905.91
4905.88
4905.85
4905.81
4905.78
4905.75
4905.72
4905.69
4905.66
4905.62
4905.59
4905.56
4905.53
4905.5
4905.47
4905.44
4905.41
4905.37
4905.34
4905.31
4905.28
4905.25
4905.22
4905.19
4905.16
4905.13
4905.1
4905.06
4905.03
4905
4904.97
4904.94
4904.91
4904.88
4904.85
4904.82
4904.79
4904.76
4904.73
4904.7
4904.67
4904.64
4904.61
4904.58
4904.55
4904.52
4904.49
4904.46
4904.43
4904.4
4904.37
4904.34
4904.31
4904.28
4904.25
4904.22
4904.19
4904.17
4904.14
4904.11
4904.08
4904.05
4904.02
4903.99
4903.96
4903.93
4903.9
4903.87
4903.85
4903.82
4903.79
4903.76
4903.73
4903.7
4903.67
4903.65
4903.62
4903.59
4903.56
4903.53
4903.5
4903.48
4903.45
4903.42
4903.39
4903.36
4903.33
4903.31
4903.28
4903.25
4903.22
4903.19
4903.17
4903.14
4903.11
4903.08
4903.06
4903.03
4903
4902.97
4902.95
4902.92
4902.89
4902.86
4902.84
4902.81
4902.78
4902.76
4902.73
4902.7
4902.67
4902.65
4902.62
4902.59
4902.57
4902.54
4902.51
4902.49
4902.46
4902.43
4902.41
4902.38
4902.35
4902.33
4902.3
4902.27
4902.25
4902.22
4902.19
4902.17
4902.14
4902.12
4902.09
4902.06
4902.04
4902.01
4901.99
4901.96
4901.93
4901.91
4901.88
4901.86
4901.83
4901.8
4901.78
4901.75
4901.73
4901.7
4901.68
4901.65
4901.63
4901.6
4901.58
4901.55
4901.52
4901.5
4901.47
4901.45
4901.42
4901.4
4901.37
4901.35
4901.32
4901.3
4901.27
4901.25
4901.22
4901.2
4901.18
4901.15
4901.13
4901.1
4901.08
4901.05
4901.03
4901
4900.98
4900.95
4900.93
4900.91
4900.88
4900.86
4900.83
4900.81
4900.78
4900.76
4900.74
4900.71
4900.69
4900.66
4900.64
4900.62
4900.59
4900.57
4900.55
4900.52
4900.5
4900.47
4900.45
4900.43
4900.4
4900.38
4900.36
4900.33
4900.31
4900.29
4900.26
4900.24
4900.22
4900.19
4900.17
4900.15
4900.13
4900.1
4900.08
4900.06
4900.03
4900.01
4899.99
4899.96
4899.94
4899.92
4899.9
4899.87
4899.85
4899.83
4899.81
4899.78
4899.76
4899.74
4899.72
4899.69
4899.67
4899.65
4899.63
4899.6
4899.58
4899.56
4899.54
4899.52
4899.49
4899.47
4899.45
4899.43
4899.41
4899.38
4899.36
4899.34
4899.32
4899.3
4899.28
4899.25
4899.23
4899.21
4899.19
4899.17
4899.15
4899.12
4899.1
4899.08
4899.06
4899.04
4899.02
4899
4898.98
4898.95
4898.93
4898.91
4898.89
4898.87
4898.85
4898.83
4898.81
4898.79
4898.77
4898.74
4898.72
4898.7
4898.68
4898.66
4898.64
4898.62
4898.6
4898.58
4898.56
4898.54
4898.52
4898.5
4898.48
4898.46
4898.44
4898.42
4898.4
4898.38
4898.36
4898.34
4898.31
4898.29
4898.27
4898.25
4898.23
4898.21
4898.19
4898.17
4898.16
4898.14
4898.12
4898.1
4898.08
4898.06
4898.04
4898.02
4898
4897.98
4897.96
4897.94
4897.92
4897.9
4897.88
4897.86
4897.84
4897.82
4897.8
4897.78
4897.76
4897.75
4897.73
4897.71
4897.69
4897.67
4897.65
4897.63
4897.61
4897.59
4897.57
4897.56
4897.54
4897.52
4897.5
4897.48
4897.46
4897.44
4897.42
4897.41
4897.39
4897.37
4897.35
4897.33
4897.31
4897.3
4897.28
4897.26
4897.24
4897.22
4897.2
4897.19
4897.17
4897.15
4897.13
4897.11
4897.09
4897.08
4897.06
4897.04
4897.02
4897
4896.99
4896.97
4896.95
4896.93
4896.92
4896.9
4896.88
4896.86
4896.84
4896.83
4896.81
4896.79
4896.77
4896.76
4896.74
4896.72
4896.7
4896.69
4896.67
4896.65
4896.64
4896.62
4896.6
4896.58
4896.57
4896.55
4896.53
4896.52
4896.5
4896.48
4896.46
4896.45
4896.43
4896.41
4896.4
4896.38
4896.36
4896.35
4896.33
4896.31
4896.3
4896.28
4896.26
4896.25
4896.23
4896.21
4896.2
4896.18
4896.16
4896.15
4896.13
4896.11
4896.1
4896.08
4896.07
4896.05
4896.03
4896.02
4896
4895.98
4895.97
4895.95
4895.94
4895.92
4895.9
4895.89
4895.87
4895.86
4895.84
4895.82
4895.81
4895.79
4895.78
4895.76
4895.75
4895.73
4895.71
4895.7
4895.68
4895.67
4895.65
4895.64
4895.62
4895.6
4895.59
4895.57
4895.56
4895.54
4895.53
4895.51
4895.5
4895.48
4895.47
4895.45
4895.44
4895.42
4895.41
4895.39
4895.38
4895.36
4895.35
4895.33
4895.32
4895.3
4895.29
4895.27
4895.26
4895.24
4895.23
4895.21
4895.2
4895.18
4895.17
4895.15
4895.14
4895.12
4895.11
4895.09
4895.08
4895.07
4895.05
4895.04
4895.02
4895.01
4894.99
4894.98
4894.96
4894.95
4894.94
4894.92
4894.91
4894.89
4894.88
4894.87
4894.85
4894.84
4894.82
4894.81
4894.79
4894.78
4894.77
4894.75
4894.74
4894.72
4894.71
4894.7
4894.68
4894.67
4894.66
4894.64
4894.63
4894.61
4894.6
4894.59
4894.57
4894.56
4894.55
4894.53
4894.52
4894.51
4894.49
4894.48
4894.47
4894.45
4894.44
4894.43
4894.41
4894.4
4894.39
4894.37
4894.36
4894.35
4894.33
4894.32
4894.31
4894.29
4894.28
4894.27
4894.25
4894.24
4894.23
4894.21
4894.2
4894.19
4894.18
4894.16
4894.15
4894.14
4894.12
4894.11
4894.1
4894.09
4894.07
4894.06
4894.05
4894.04
4894.02
4894.01
4894
4893.99
4893.97
4893.96
4893.95
4893.94
4893.92
4893.91
4893.9
4893.89
4893.87
4893.86
4893.85
4893.84
4893.82
4893.81
4893.8
4893.79
4893.78
4893.76
4893.75
4893.74
4893.73
4893.72
4893.7
4893.69
4893.68
4893.67
4893.66
4893.64
4893.63
4893.62
4893.61
4893.6
4893.58
4893.57
4893.56
4893.55
4893.54
4893.53
4893.51
4893.5
4893.49
4893.48
4893.47
4893.46
4893.44
4893.43
4893.42
4893.41
4893.4
4893.39
4893.38
4893.36
4893.35
4893.34
4893.33
4893.32
4893.31
4893.3
4893.29
4893.27
4893.26
4893.25
4893.24
4893.23
4893.22
4893.21
4893.2
4893.19
4893.17
4893.16
4893.15
4893.14
4893.13
4893.12
4893.11
4893.1
4893.09
4893.08
4893.06
4893.05
4893.04
4893.03
4893.02
4893.01
4893
4892.99
4892.98
4892.97
4892.96
4892.95
4892.94
4892.93
4892.92
4892.91
4892.89
4892.88
4892.87
4892.86
4892.85
4892.84
4892.83
4892.82
4892.81
4892.8
4892.79
4892.78
4892.77
4892.76
4892.75
4892.74
4892.73
4892.72
4892.71
4892.7
4892.69
4892.68
4892.67
4892.66
4892.65
4892.64
4892.63
4892.62
4892.61
4892.6
4892.59
4892.58
4892.57
4892.56
4892.55
4892.54
4892.53
4892.52
4892.51
4892.5
4892.49
4892.48
4892.47
4892.46
4892.45
4892.44
4892.43
4892.42
4892.41
4892.4
4892.39
4892.39
4892.38
4892.37
4892.36
4892.35
4892.34
4892.33
4892.32
4892.31
4892.3
4892.29
4892.28
4892.27
4892.26
4892.25
4892.24
4892.24
4892.23
4892.22
4892.21
4892.2
4892.19
4892.18
4892.17
4892.16
4892.15
4892.14
4892.14
4892.13
4892.12
4892.11
4892.1
4892.09
4892.08
4892.07
4892.06
4892.06
4892.05
4892.04
4892.03
4892.02
4892.01
4892
4891.99
4891.98
4891.98
4891.97
4891.96
4891.95
4891.94
4891.93
4891.92
4891.92
4891.91
4891.9
4891.89
4891.88
4891.87
4891.86
4891.86
4891.85
4891.84
4891.83
4891.82
4891.81
4891.81
4891.8
4891.79
4891.78
4891.77
4891.76
4891.76
4891.75
4891.74
4891.73
4891.72
4891.71
4891.71
4891.7
4891.69
4891.68
4891.67
4891.67
4891.66
4891.65
4891.64
4891.63
4891.63
4891.62
4891.61
4891.6
4891.59
4891.59
4891.58
4891.57
4891.56
4891.55
4891.55
4891.54
4891.53
4891.52
4891.51
4891.51
4891.5
4891.49
4891.48
4891.48
4891.47
4891.46
4891.45
4891.45
4891.44
4891.43
4891.42
4891.41
4891.41
4891.4
4891.39
4891.38
4891.38
4891.37
4891.36
4891.35
4891.35
4891.34
4891.33
4891.32
4891.32
4891.31
4891.3
4891.3
4891.29
4891.28
4891.27
4891.27
4891.26
4891.25
4891.24
4891.24
4891.23
4891.22
4891.22
4891.21
4891.2
4891.19
4891.19
4891.18
4891.17
4891.17
4891.16
4891.15
4891.14
4891.14
4891.13
4891.12
4891.12
4891.11
4891.1
4891.1
4891.09
4891.08
4891.07
4891.07
4891.06
4891.05
4891.05
4891.04
4891.03
4891.03
4891.02
4891.01
4891.01
4891
4890.99
4890.99
4890.98
4890.97
4890.97
4890.96
4890.95
4890.95
4890.94
4890.93
4890.93
4890.92
4890.91
4890.91
4890.9
4890.89
4890.89
4890.88
4890.87
4890.87
4890.86
4890.85
4890.85
4890.84
4890.83
4890.83
4890.82
4890.82
4890.81
4890.8
4890.8
4890.79
4890.78
4890.78
4890.77
4890.76
4890.76
4890.75
4890.75
4890.74
4890.73
4890.73
4890.72
4890.72
4890.71
4890.7
4890.7
4890.69
4890.68
4890.68
4890.67
4890.67
4890.66
4890.65
4890.65
4890.64
4890.64
4890.63
4890.62
4890.62
4890.61
4890.61
4890.6
4890.59
4890.59
4890.58
4890.58
4890.57
4890.56
4890.56
4890.55
4890.55
4890.54
4890.54
4890.53
4890.52
4890.52
4890.51
4890.51
4890.5
4890.5
4890.49
4890.48
4890.48
4890.47
4890.47
4890.46
4890.46
4890.45
4890.44
4890.44
4890.43
4890.43
4890.42
4890.42
4890.41
4890.41
4890.4
4890.39
4890.39
4890.38
4890.38
4890.37
4890.37
4890.36
4890.36
4890.35
4890.34
4890.34
4890.33
4890.33
4890.32
4890.32
4890.31
4890.31
4890.3
4890.3
4890.29
4890.29
4890.28
4890.28
4890.27
4890.27
4890.26
4890.25
4890.25
4890.24
4890.24
4890.23
4890.23
4890.22
4890.22
4890.21
4890.21
4890.2
4890.2
4890.19
4890.19
4890.18
4890.18
4890.17
4890.17
4890.16
4890.16
4890.15
4890.15
4890.14
4890.14
4890.13
4890.13
4890.12
4890.12
4890.11
4890.11
4890.1
4890.1
4890.09
4890.09
4890.08
4890.08
4890.07
4890.07
4890.06
4890.06
4890.05
4890.05
4890.04
4890.04
4890.04
4890.03
4890.03
4890.02
4890.02
4890.01
4890.01
4890
4890
4889.99
4889.99
4889.98
4889.98
4889.97
4889.97
4889.96
4889.96
4889.96
4889.95
4889.95
4889.94
4889.94
4889.93
4889.93
4889.92
4889.92
4889.91
4889.91
4889.91
4889.9
4889.9
4889.89
4889.89
4889.88
4889.88
4889.87
4889.87
4889.87
4889.86
4889.86
4889.85
4889.85
4889.84
4889.84
4889.84
4889.83
4889.83
4889.82
4889.82
4889.81
4889.81
4889.81
4889.8
4889.8
4889.79
4889.79
4889.78
4889.78
4889.78
4889.77
4889.77
4889.76
4889.76
4889.75
4889.75
4889.75
4889.74
4889.74
4889.73
4889.73
4889.73
4889.72
4889.72
4889.71
4889.71
4889.71
4889.7
4889.7
4889.69
4889.69
4889.68
4889.68
4889.68
4889.67
4889.67
4889.66
4889.66
4889.66
4889.65
4889.65
4889.65
4889.64
4889.64
4889.63
4889.63
4889.63
4889.62
4889.62
4889.61
4889.61
4889.61
4889.6
4889.6
4889.59
4889.59
4889.59
4889.58
4889.58
4889.58
4889.57
4889.57
4889.56
4889.56
4889.56
4889.55
4889.55
4889.55
4889.54
4889.54
4889.53
4889.53
4889.53
4889.52
4889.52
4889.52
4889.51
4889.51
4889.51
4889.5
4889.5
4889.49
4889.49
4889.49
4889.48
4889.48
4889.48
4889.47
4889.47
4889.47
4889.46
4889.46
4889.46
4889.45
4889.45
4889.44
4889.44
4889.44
4889.43
4889.43
4889.43
4889.42
4889.42
4889.42
4889.41
4889.41
4889.41
4889.4
4889.4
4889.4
4889.39
4889.39
4889.39
4889.38
4889.38
4889.38
4889.37
4889.37
4889.37
4889.36
4889.36
4889.36
4889.35
4889.35
4889.35
4889.34
4889.34
4889.34
4889.33
4889.33
4889.33
4889.32
4889.32
4889.32
4889.31
4889.31
4889.31
4889.3
4889.3
4889.3
4889.29
4889.29
4889.29
4889.29
4889.28
4889.28
4889.28
4889.27
4889.27
4889.27
4889.26
4889.26
4889.26
4889.25
4889.25
4889.25
4889.24
4889.24
4889.24
4889.24
4889.23
4889.23
4889.23
4889.22
4889.22
4889.22
4889.21
4889.21
4889.21
4889.21
4889.2
4889.2
4889.2
4889.19
4889.19
4889.19
4889.18
4889.18
4889.18
4889.18
4889.17
4889.17
4889.17
4889.16
4889.16
4889.16
4889.16
4889.15
4889.15
4889.15
4889.14
4889.14
4889.14
4889.14
4889.13
4889.13
4889.13
4889.12
4889.12
4889.12
4889.12
4889.11
4889.11
4889.11
4889.11
4889.1
4889.1
4889.1
4889.09
4889.09
4889.09
4889.09
4889.08
4889.08
4889.08
4889.08
4889.07
4889.07
4889.07
4889.06
4889.06
4889.06
4889.06
4889.05
4889.05
4889.05
4889.05
4889.04
4889.04
4889.04
4889.04
4889.03
4889.03
4889.03
4889.03
4889.02
4889.02
4889.02
4889.01
4889.01
4889.01
4889.01
4889
4889
4889
4889
4888.99
4888.99
4888.99
4888.99
4888.98
4888.98
4888.98
4888.98
4888.97
4888.97
4888.97
4888.97
4888.97
4888.96
4888.96
4888.96
4888.96
4888.95
4888.95
4888.95
4888.95
4888.94
4888.94
4888.94
4888.94
4888.93
4888.93
4888.93
4888.93
4888.92
4888.92
4888.92
4888.92
4888.91
4888.91
4888.91
4888.91
4888.91
4888.9
4888.9
4888.9
4888.9
4888.89
4888.89
4888.89
4888.89
4888.89
4888.88
4888.88
4888.88
4888.88
4888.87
4888.87
4888.87
4888.87
4888.86
4888.86
4888.86
4888.86
4888.86
4888.85
4888.85
4888.85
4888.85
4888.85
4888.84
4888.84
4888.84
4888.84
4888.83
4888.83
4888.83
4888.83
4888.83
4888.82
4888.82
4888.82
4888.82
4888.82
4888.81
4888.81
4888.81
4888.81
4888.8
4888.8
4888.8
4888.8
4888.8
4888.79
4888.79
4888.79
4888.79
4888.79
4888.78
4888.78
4888.78
4888.78
4888.78
4888.77
4888.77
4888.77
4888.77
4888.77
4888.76
4888.76
4888.76
4888.76
4888.76
4888.75
4888.75
4888.75
4888.75
4888.75
4888.74
4888.74
4888.74
4888.74
4888.74
4888.73
4888.73
4888.73
4888.73
4888.73
4888.73
4888.72
4888.72
4888.72
4888.72
4888.72
4888.71
4888.71
4888.71
4888.71
4888.71
4888.7
4888.7
4888.7
4888.7
4888.7
4888.7
4888.69
4888.69
4888.69
4888.69
4888.69
4888.68
4888.68
4888.68
4888.68
4888.68
4888.68
4888.67
4888.67
4888.67
4888.67
4888.67
4888.66
4888.66
4888.66
4888.66
4888.66
4888.66
4888.65
4888.65
4888.65
4888.65
4888.65
4888.65
4888.64
4888.64
4888.64
4888.64
4888.64
4888.64
4888.63
4888.63
4888.63
4888.63
4888.63
4888.63
4888.62
4888.62
4888.62
4888.62
4888.62
4888.62
4888.61
4888.61
4888.61
4888.61
4888.61
4888.61
4888.6
4888.6
4888.6
4888.6
4888.6
4888.6
4888.59
4888.59
4888.59
4888.59
4888.59
4888.59
4888.59
4888.58
4888.58
4888.58
4888.58
4888.58
4888.58
4888.57
4888.57
4888.57
4888.57
4888.57
4888.57
4888.57
4888.56
4888.56
4888.56
4888.56
4888.56
4888.56
4888.55
4888.55
4888.55
4888.55
4888.55
4888.55
4888.55
4888.54
4888.54
4888.54
4888.54
4888.54
4888.54
4888.54
4888.53
4888.53
4888.53
4888.53
4888.53
4888.53
4888.53
4888.52
4888.52
4888.52
4888.52
4888.52
4888.52
4888.52
4888.51
4888.51
4888.51
4888.51
4888.51
4888.51
4888.51
4888.5
4888.5
4888.5
4888.5
4888.5
4888.5
4888.5
4888.49
4888.49
4888.49
4888.49
4888.49
4888.49
4888.49
4888.49
4888.48
4888.48
4888.48
4888.48
4888.48
4888.48
4888.48
4888.47
4888.47
4888.47
4888.47
4888.47
4888.47
4888.47
4888.47
4888.46
4888.46
4888.46
4888.46
4888.46
4888.46
4888.46
4888.46
4888.45
4888.45
4888.45
4888.45
4888.45
4888.45
4888.45
4888.45
4888.44
4888.44
4888.44
4888.44
4888.44
4888.44
4888.44
4888.44
4888.43
4888.43
4888.43
4888.43
4888.43
4888.43
4888.43
4888.43
4888.42
4888.42
4888.42
4888.42
4888.42
4888.42
4888.42
4888.42
4888.42
4888.41
4888.41
4888.41
4888.41
4888.41
4888.41
4888.41
4888.41
4888.4
4888.4
4888.4
4888.4
4888.4
4888.4
4888.4
4888.4
4888.4
4888.39
4888.39
4888.39
4888.39
4888.39
4888.39
4888.39
4888.39
4888.39
4888.38
4888.38
4888.38
4888.38
4888.38
4888.38
4888.38
4888.38
4888.38
4888.37
4888.37
4888.37
4888.37
4888.37
4888.37
4888.37
4888.37
4888.37
4888.37
4888.36
4888.36
4888.36
4888.36
4888.36
4888.36
4888.36
4888.36
4888.36
4888.36
4888.35
4888.35
4888.35
4888.35
4888.35
4888.35
4888.35
4888.35
4888.35
4888.35
4888.34
4888.34
4888.34
4888.34
4888.34
4888.34
4888.34
4888.34
4888.34
4888.34
4888.33
4888.33
4888.33
4888.33
4888.33
4888.33
4888.33
4888.33
4888.33
4888.33
4888.32
4888.32
4888.32
4888.32
4888.32
4888.32
4888.32
4888.32
4888.32
4888.32
4888.32
4888.31
4888.31
4888.31
4888.31
4888.31
4888.31
4888.31
4888.31
4888.31
4888.31
4888.31
4888.3
4888.3
4888.3
4888.3
4888.3
4888.3
4888.3
4888.3
4888.3
4888.3
4888.3
4888.29
4888.29
4888.29
4888.29
4888.29
4888.29
4888.29
4888.29
4888.29
4888.29
4888.29
4888.29
4888.28
4888.28
4888.28
4888.28
4888.28
4888.28
4888.28
4888.28
4888.28
4888.28
4888.28
4888.28
4888.27
4888.27
4888.27
4888.27
4888.27
4888.27
4888.27
4888.27
4888.27
4888.27
4888.27
4888.27
4888.27
4888.26
4888.26
4888.26
4888.26
4888.26
4888.26
4888.26
4888.26
4888.26
4888.26
4888.26
4888.26
4888.25
4888.25
4888.25
4888.25
4888.25
4888.25
4888.25
4888.25
4888.25
4888.25
4888.25
4888.25
4888.25
4888.25
4888.24
4888.24
4888.24
4888.24
4888.24
4888.24
4888.24
4888.24
4888.24
4888.24
4888.24
4888.24
4888.24
4888.23
4888.23
4888.23
4888.23
4888.23
4888.23
4888.23
4888.23
4888.23
4888.23
4888.23
4888.23
4888.23
4888.23
4888.23
4888.22
4888.22
4888.22
4888.22
4888.22
4888.22
4888.22
4888.22
4888.22
4888.22
4888.22
4888.22
4888.22
4888.22
4888.22
4888.21
4888.21
4888.21
4888.21
4888.21
4888.21
4888.21
4888.21
4888.21
4888.21
4888.21
4888.21
4888.21
4888.21
4888.21
4888.2
4888.2
4888.2
4888.2
4888.2
4888.2
4888.2
4888.2
4888.2
4888.2
4888.2
4888.2
4888.2
4888.2
4888.2
4888.2
4888.19
4888.19
4888.19
4888.19
4888.19
4888.19
4888.19
4888.19
4888.19
4888.19
4888.19
4888.19
4888.19
4888.19
4888.19
4888.19
4888.19
4888.18
4888.18
4888.18
4888.18
4888.18
4888.18
4888.18
4888.18
4888.18
4888.18
4888.18
4888.18
4888.18
4888.18
4888.18
4888.18
4888.18
4888.18
4888.17
4888.17
4888.17
4888.17
4888.17
4888.17
4888.17
4888.17
4888.17
4888.17
4888.17
4888.17
4888.17
4888.17
4888.17
4888.17
4888.17
4888.17
4888.16
4888.16
4888.16
4888.16
4888.16
4888.16
4888.16
4888.16
4888.16
4888.16
4888.16
4888.16
4888.16
4888.16
4888.16
4888.16
4888.16
4888.16
4888.16
4888.15
4888.15
4888.15
4888.15
4888.15
4888.15
4888.15
4888.15
4888.15
4888.15
4888.15
4888.15
4888.15
4888.15
4888.15
4888.15
4888.15
4888.15
4888.15
4888.15
4888.15
4888.14
4888.14
4888.14
4888.14
4888.14
4888.14
4888.14
4888.14
4888.14
4888.14
4888.14
4888.14
4888.14
4888.14
4888.14
4888.14
4888.14
4888.14
4888.14
4888.14
4888.14
4888.14
4888.13
4888.13
4888.13
4888.13
4888.13
4888.13
4888.13
4888.13
4888.13
4888.13
4888.13
4888.13
4888.13
4888.13
4888.13
4888.13
4888.13
4888.13
4888.13
4888.13
4888.13
4888.13
4888.13
4888.12
4888.12
4888.12
4888.12
4888.12
4888.12
4888.12
4888.12
4888.12
4888.12
4888.12
4888.12
4888.12
4888.12
4888.12
4888.12
4888.12
4888.12
4888.12
4888.12
4888.12
4888.12
4888.12
4888.12
4888.12
4888.11
4888.11
4888.11
4888.11
4888.11
4888.11
4888.11
4888.11
4888.11
4888.11
4888.11
4888.11
4888.11
4888.11
4888.11
4888.11
4888.11
4888.11
4888.11
4888.11
4888.11
4888.11
4888.11
4888.11
4888.11
4888.11
4888.11
4888.1
4888.1
4888.1
4888.1
4888.1
4888.1
4888.1
4888.1
4888.1
4888.1
4888.1
4888.1
4888.1
4888.1
4888.1
4888.1
4888.1
4888.1
4888.1
4888.1
4888.1
4888.1
4888.1
4888.1
4888.1
4888.1
4888.1
4888.1
4888.1
4888.09
4888.09
4888.09
4888.09
4888.09
4888.09
4888.09
4888.09
4888.09
4888.09
4888.09
4888.09
4888.09
4888.09
4888.09
4888.09
4888.09
4888.09
4888.09
4888.09
4888.09
4888.09
4888.09
4888.09
4888.09
4888.09
4888.09
4888.09
4888.09
4888.09
4888.09
4888.09
4888.09
4888.08
4888.08
4888.08
4888.08
4888.08
4888.08
4888.08
4888.08
4888.08
4888.08
4888.08
4888.08
4888.08
4888.08
4888.08
4888.08
4888.08
4888.08
4888.08
4888.08
4888.08
4888.08
4888.08
4888.08
4888.08
4888.08
4888.08
4888.08
4888.08
4888.08
4888.08
4888.08
4888.08
4888.08
4888.08
4888.07
4888.07
4888.07
4888.07
4888.07
4888.07
4888.07
4888.07
4888.07
4888.07
4888.07
4888.07
4888.07
4888.07
4888.07
4888.07
4888.07
4888.07
4888.07
4888.07
4888.07
4888.07
4888.07
4888.07
4888.07
4888.07
4888.07
4888.07
4888.07
4888.07
4888.07
4888.07
4888.07
4888.07
4888.07
4888.07
4888.07
4888.07
4888.07
4888.07
4888.07
4888.06
4888.06
4888.06
4888.06
4888.06
4888.06
4888.06
4888.06
4888.06
4888.06
4888.06
4888.06
4888.06
4888.06
4888.06
4888.06
4888.06
4888.06
4888.06
4888.06
4888.06
4888.06
4888.06
4888.06
4888.06
4888.06
4888.06
4888.06
4888.06
4888.06
4888.06
4888.06
4888.06
4888.06
4888.06
4888.06
4888.06
4888.06
4888.06
4888.06
4888.06
4888.06
4888.06
4888.06
4888.06
4888.06
4888.05
4888.05
4888.05
4888.05
4888.05
4888.05
4888.05
4888.05
4888.05
4888.05
4888.05
4888.05
4888.05
4888.05
4888.05
4888.05
4888.05
4888.05
4888.05
4888.05
4888.05
4888.05
4888.05
4888.05
4888.05
4888.05
4888.05
4888.05
4888.05
4888.05
4888.05
4888.05
4888.05
4888.05
4888.05
4888.05
4888.05
4888.05
4888.05
4888.05
4888.05
4888.05
4888.05
4888.05
4888.05
4888.05
4888.05
4888.05
4888.05
4888.05
4888.05
4888.05
4888.05
4888.05
4888.05
4888.05
4888.04
4888.04
4888.04
4888.04
4888.04
4888.04
4888.04
4888.04
4888.04
4888.04
4888.04
4888.04
4888.04
4888.04
4888.04
4888.04
4888.04
4888.04
4888.04
4888.04
4888.04
4888.04
4888.04
4888.04
4888.04
4888.04
4888.04
4888.04
4888.04
4888.04
4888.04
4888.04
4888.04
4888.04
4888.04
4888.04
4888.04
4888.04
4888.04
4888.04
4888.04
4888.04
4888.04
4888.04
4888.04
4888.04
4888.04
4888.04
4888.04
4888.04
4888.04
4888.04
4888.04
4888.04
4888.04
4888.04
4888.04
4888.04
4888.04
4888.04
4888.04
4888.04
4888.04
4888.04
4888.04
4888.04
4888.04
4888.04
4888.04
4888.04
4888.03
4888.03
4888.03
4888.03
4888.03
4888.03
4888.03
4888.03
4888.03
4888.03
4888.03
4888.03
4888.03
4888.03
4888.03
4888.03
4888.03
4888.03
4888.03
4888.03
4888.03
4888.03
4888.03
4888.03
4888.03
4888.03
4888.03
4888.03
4888.03
4888.03
4888.03
4888.03
4888.03
4888.03
4888.03
4888.03
4888.03
4888.03
4888.03
4888.03
4888.03
4888.03
4888.03
4888.03
4888.03
4888.03
4888.03
4888.03
4888.03
4888.03
4888.03
4888.03
4888.03
4888.03
4888.03
4888.03
4888.03
4888.03
4888.03
4888.03
4888.03
4888.03
4888.03
4888.03
4888.03
4888.03
4888.03
4888.03
4888.03
4888.03
4888.03
4888.03
4888.03
4888.03
4888.03
4888.03
4888.03
4888.03
4888.03
4888.03
4888.03
4888.03
4888.03
4888.03
4888.03
4888.03
4888.03
4888.03
4888.03
4888.03
4888.03
4888.03
4888.03
4888.03
4888.03
4888.03
4888.03
4888.03
4888.03
4888.02
4888.02
4888.02
4888.02
4888.02
4888.02
4888.02
4888.02
4888.02
4888.02
4888.02
4888.02
4888.02
4888.02
4888.02
4888.02
4888.02
4888.02
4888.02
4888.02
4888.02
4888.02
4888.02
4888.02
4888.02
4888.02
4888.02
4888.02
4888.02
4888.02
4888.02
4888.02
4888.02
4888.02
4888.02
4888.02
4888.02
4888.02
4888.02
4888.02
4888.02
4888.02
4888.02
4888.02
4888.02
4888.02
4888.02
4888.02
4888.02
4888.02
4888.02
4888.02
4888.02
4888.02
4888.02
4888.02
4888.02
4888.02
4888.02
4888.02
4888.02
4888.02
4888.02
4888.02
4888.02
4888.02
4888.02
4888.02
4888.02
4888.02
4888.02
4888.02
4888.02
4888.02
4888.02
4888.02
4888.02
4888.02
4888.02
4888.02
4888.02
4888.02
4888.02
4888.02
4888.02
4888.02
4888.02
4888.02
4888.02
4888.02
4888.02
4888.02
4888.02
4888.02
4888.02
4888.02
4888.02
4888.02
4888.02
4888.02
4888.02
4888.02
4888.02
4888.02
4888.02
4888.02
4888.02
4888.02
4888.02
4888.02
4888.02
4888.02
4888.02
4888.02
4888.02
4888.02
4888.02
4888.02
4888.02
4888.02
4888.02
4888.02
4888.02
4888.02
4888.02
4888.02
4888.02
4888.02
4888.02
4888.02
4888.02
4888.02
4888.02
4888.02
4888.02
4888.02
4888.02
4888.02
4888.02
4888.02
4888.02
4888.02
4888.02
4888.02
4888.02
4888.02
4888.02
4888.02
4888.02
4888.02
4888.02
4888.02
4888.02
4888.02
4888.02
4888.02
4888.02
4888.02
4888.02
4888.02
4888.02
4888.02
4888.02
4888.02
4888.02
4888.02
4888.02
4888.02
4888.02
4888.02
4888.02
4888.02
4888.02
4888.02
4888.02
4888.02
4888.02
4888.02
4888.02
4888.02
4888.02
4888.02
4888.02
4888.02
4888.02
4888.02
4888.02
4888.02
4888.02
4888.02
4888.02
4888.02
4888.02
4888.02
4888.02
4888.02
4888.02
4888.02
4888.02
4888.02
4888.02
4888.02
4888.02
4888.02
4888.02
4888.02
4888.02
4888.02
4888.02
4888.02
4888.02
4888.02
4888.02
4888.02
4888.02
4888.02
4888.02
4888.02
4888.02
4888.02
4888.02
4888.02
4888.02
4888.02
4888.02
4888.02
4888.02
4888.02
4888.02
4888.02
4888.02
4888.02
4888.02
4888.02
4888.02
4888.02
4888.02
4888.02
4888.02
4888.02
4888.02
4888.02
4888.02
4888.02
4888.02
4888.02
4888.02
4888.02
4888.02
4888.02
4888.02
4888.02
4888.02
4888.02
4888.02
4888.02
4888.02
4888.02
4888.02
4888.02
4888.02
4888.01
4888.01
4888.01
4888.01
4888.01
4888.01
4888.01
4888.01
4888.01
4888.01
4888.01
4888.01
4888.01
4888.01
4888.01
4888.01
4888.01
4888.01
4888.01
4888.01
4888.01
4888.01
4888.01
4888.01
4888.01
4888.01
4888.01
4888.01
4888.01
4888.01
4888.01
4888.01
4888.01
4888.01
4888.01
4888.01
4888.01
4888.01
4888.01
4888.01
4888.01
4888.01
4888.01
4888.01
4888.01
4888.01
4888.01
4888.01
4888.01
4888.01
4888.01
4888.01
4888.01
4888.01
4888.01
4888.01
4888.01
4888.01
4888.01
4888.01
4888.01
4888.01
4888.01
4888.01
4888.02
4888.02
4888.02
4888.02
4888.02
4888.02
4888.02
4888.02
4888.02
4888.02
4888.02
4888.02
4888.02
4888.02
4888.02
4888.02
4888.02
4888.02
4888.02
4888.02
4888.02
4888.02
4888.02
4888.02
4888.02
4888.02
4888.02
4888.02
4888.02
4888.02
4888.02
4888.02
4888.02
4888.02
4888.02
4888.02
4888.02
4888.02
4888.02
4888.02
4888.02
4888.02
4888.02
4888.02
4888.02
4888.02
4888.02
4888.02
4888.02
4888.02
4888.02
4888.02
4888.02
4888.02
4888.02
4888.02
4888.02
4888.02
4888.02
4888.02
4888.02
4888.02
4888.02
4888.02
4888.02
4888.02
4888.02
4888.02
4888.02
4888.02
4888.02
4888.02
4888.02
4888.02
4888.02
4888.02
4888.02
4888.02
4888.02
4888.02
4888.02
4888.02
4888.02
4888.02
4888.02
4888.02
4888.02
4888.02
4888.02
4888.02
4888.02
4888.02
4888.02
4888.02
4888.02
4888.02
4888.02
4888.02
4888.02
4888.02
4888.02
4888.02
4888.02
4888.02
4888.02
4888.02
4888.02
4888.02
4888.02
4888.02
4888.02
4888.02
4888.02
4888.02
4888.02
4888.02
4888.02
4888.02
4888.02
4888.02
4888.02
4888.02
4888.02
4888.02
4888.02
4888.02
4888.02
4888.02
4888.02
4888.02
4888.02
4888.02
4888.02
4888.02
4888.02
4888.02
4888.02
4888.02
4888.02
4888.02
4888.02
4888.02
4888.02
4888.02
4888.02
4888.02
4888.02
4888.02
4888.02
4888.02
4888.02
4888.02
4888.02
4888.02
4888.02
4888.02
4888.02
4888.02
4888.02
4888.02
4888.02
4888.02
4888.02
4888.02
4888.02
4888.02
4888.02
4888.02
4888.02
4888.02
4888.02
4888.02
4888.02
4888.02
4888.02
4888.02
4888.02
4888.02
4888.02
4888.02
4888.02
4888.02
4888.02
4888.02
4888.02
4888.02
4888.02
4888.02
4888.02
4888.02
4888.02
4888.02
4888.02
4888.02
4888.02
4888.02
4888.02
4888.02
4888.02
4888.02
4888.02
4888.02
4888.02
4888.02
4888.02
4888.02
4888.02
4888.02
4888.02
4888.02
4888.02
4888.02
4888.02
4888.02
4888.02
4888.02
4888.02
4888.02
4888.02
4888.02
4888.02
4888.02
4888.02
4888.02
4888.02
4888.02
4888.02
4888.02
4888.02
4888.02
4888.02
4888.02
4888.02
4888.02
4888.02
4888.02
4888.02
4888.02
4888.02
4888.02
4888.02
4888.02
4888.02
4888.02
4888.02
4888.02
4888.02
4888.02
4888.02
4888.02
4888.02
4888.02
4888.02
4888.02
4888.02
4888.02
4888.02
4888.02
4888.02
4888.02
4888.02
4888.02
4888.02
4888.02
4888.02
4888.02
4888.02
4888.02
4888.02
4888.02
4888.02
4888.02
4888.02
4888.02
4888.02
4888.02
4888.02
4888.02
4888.02
4888.02
4888.02
4888.02
4888.02
4888.02
4888.02
4888.02
4888.02
4888.02
4888.02
4888.02
4888.02
4888.02
4888.02
4888.02
4888.02
4888.02
4888.02
4888.02
4888.02
4888.02
4888.02
4888.02
4888.02
4888.02
4888.02
4888.02
4888.02
4888.02
4888.02
4888.02
4888.02
4888.02
4888.02
4888.02
4888.02
4888.02
4888.02
4888.02
4888.02
4888.02
4888.02
4888.02
4888.02
4888.02
4888.02
4888.02
4888.02
4888.02
4888.02
4888.02
4888.02
4888.02
4888.02
4888.02
4888.02
4888.02
4888.02
4888.02
4888.02
4888.02
4888.02
4888.02
4888.02
4888.02
4888.02
4888.02
4888.02
4888.02
4888.02
4888.02
4888.02
4888.02
4888.02
4888.02
4888.02
4888.02
4888.02
4888.02
4888.02
4888.02
4888.02
4888.02
4888.02
4888.02
4888.02
4888.02
4888.02
4888.02
4888.02
4888.02
4888.02
4888.02
4888.02
4888.02
4888.02
4888.02
4888.02
4888.02
4888.02
4888.02
4888.02
4888.02
4888.03
4888.03
4888.03
4888.03
4888.03
4888.03
4888.03
4888.03
4888.03
4888.03
4888.03
4888.03
4888.03
4888.03
4888.03
4888.03
4888.03
4888.03
4888.03
4888.03
4888.03
4888.03
4888.03
4888.03
4888.03
4888.03
4888.03
4888.03
4888.03
4888.03
4888.03
4888.03
4888.03
4888.03
4888.03
4888.03
4888.03
4888.03
4888.03
4888.03
4888.03
4888.03
4888.03
4888.03
4888.03
4888.03
4888.03
4888.03
4888.03
4888.03
4888.03
4888.03
4888.03
4888.03
4888.03
4888.03
4888.03
4888.03
4888.03
4888.03
4888.03
4888.03
4888.03
4888.03
4888.03
4888.03
4888.03
4888.03
4888.03
4888.03
4888.03
4888.03
4888.03
4888.03
4888.03
4888.03
4888.03
4888.03
4888.03
4888.03
4888.03
4888.03
4888.03
4888.03
4888.03
4888.03
4888.03
4888.03
4888.03
4888.03
4888.03
4888.03
4888.03
4888.03
4888.03
4888.03
4888.03
4888.03
4888.03
4888.03
4888.03
4888.03
4888.03
4888.03
4888.03
4888.03
4888.03
4888.03
4888.03
4888.03
4888.03
4888.03
4888.03
4888.03
4888.03
4888.03
4888.03
4888.03
4888.03
4888.03
4888.03
4888.03
4888.03
4888.03
4888.03
4888.03
4888.03
4888.03
4888.03
4888.03
4888.03
4888.03
4888.03
4888.03
4888.03
4888.03
4888.03
4888.03
4888.03
4888.03
4888.03
4888.03
4888.03
4888.03
4888.03
4888.03
4888.03
4888.03
4888.03
4888.03
4888.03
4888.03
4888.03
4888.03
4888.03
4888.03
4888.03
4888.03
4888.03
4888.03
4888.03
4888.03
4888.03
4888.03
4888.03
4888.03
4888.03
4888.03
4888.03
4888.03
4888.03
4888.03
4888.03
4888.03
4888.03
4888.03
4888.03
4888.03
4888.03
4888.03
4888.03
4888.03
4888.03
4888.03
4888.03
4888.03
4888.03
4888.03
4888.03
4888.03
4888.03
4888.03
4888.03
4888.03
4888.03
4888.03
4888.03
4888.03
4888.03
4888.03
4888.03
4888.03
4888.03
4888.03
4888.03
4888.03
4888.03
4888.03
4888.03
4888.03
4888.03
4888.03
4888.03
4888.03
4888.03
4888.03
4888.03
4888.03
4888.03
4888.03
4888.03
4888.03
4888.03
4888.03
4888.03
4888.03
4888.03
4888.03
4888.03
4888.03
4888.03
4888.03
4888.03
4888.03
4888.03
4888.03
4888.03
4888.04
4888.04
4888.04
4888.04
4888.04
4888.04
4888.04
4888.04
4888.04
4888.04
4888.04
4888.04
4888.04
4888.04
4888.04
4888.04
4888.04
4888.04
4888.04
4888.04
4888.04
4888.04
4888.04
4888.04
4888.04
4888.04
4888.04
4888.04
4888.04
4888.04
4888.04
4888.04
4888.04
4888.04
4888.04
4888.04
4888.04
4888.04
4888.04
4888.04
4888.04
4888.04
4888.04
4888.04
4888.04
4888.04
4888.04
4888.04
4888.04
4888.04
4888.04
4888.04
4888.04
4888.04
4888.04
4888.04
4888.04
4888.04
4888.04
4888.04
4888.04
4888.04
4888.04
4888.04
4888.04
4888.04
4888.04
4888.04
4888.04
4888.04
4888.04
4888.04
4888.04
4888.04
4888.04
4888.04
4888.04
4888.04
4888.04
4888.04
4888.04
4888.04
4888.04
4888.04
4888.04
4888.04
4888.04
4888.04
4888.04
4888.04
4888.04
4888.04
4888.04
4888.04
4888.04
4888.04
4888.04
4888.04
4888.04
4888.04
4888.04
4888.04
4888.04
4888.04
4888.04
4888.04
4888.04
4888.04
4888.04
4888.04
4888.04
4888.04
4888.04
4888.04
4888.04
4888.04
4888.04
4888.04
4888.04
4888.04
4888.04
4888.04
4888.04
4888.04
4888.04
4888.04
4888.04
4888.04
4888.04
4888.04
4888.04
4888.04
4888.04
4888.04
4888.04
4888.04
4888.04
4888.04
4888.04
4888.04
4888.04
4888.04
4888.04
4888.04
4888.04
4888.04
4888.04
4888.04
4888.04
4888.04
4888.04
4888.04
4888.04
4888.04
4888.04
4888.04
4888.04
4888.04
4888.04
4888.04
4888.04
4888.04
4888.04
4888.04
4888.04
4888.04
4888.04
4888.04
4888.04
4888.04
4888.04
4888.04
4888.04
4888.04
4888.04
4888.04
4888.04
4888.04
4888.04
4888.04
4888.04
4888.04
4888.04
4888.04
4888.04
4888.04
4888.04
4888.04
4888.04
4888.04
4888.04
4888.04
4888.04
4888.04
4888.04
4888.04
4888.04
4888.04
4888.04
4888.04
4888.04
4888.04
4888.04
4888.04
4888.04
4888.04
4888.04
4888.04
4888.04
4888.04
4888.04
4888.04
4888.04
4888.04
4888.04
4888.04
4888.04
4888.04
4888.04
4888.04
4888.04
4888.04
4888.04
4888.04
4888.04
4888.04
4888.04
4888.04
4888.04
4888.04
4888.05
4888.05
4888.05
4888.05
4888.05
4888.05
4888.05
4888.05
4888.05
4888.05
4888.05
4888.05
4888.05
4888.05
4888.05
4888.05
4888.05
4888.05
4888.05
4888.05
4888.05
4888.05
4888.05
4888.05
4888.05
4888.05
4888.05
4888.05
4888.05
4888.05
4888.05
4888.05
4888.05
4888.05
4888.05
4888.05
4888.05
4888.05
4888.05
4888.05
4888.05
4888.05
4888.05
4888.05
4888.05
4888.05
4888.05
4888.05
4888.05
4888.05
4888.05
4888.05
4888.05
4888.05
4888.05
4888.05
4888.05
4888.05
4888.05
4888.05
4888.05
4888.05
4888.05
4888.05
4888.05
4888.05
4888.05
4888.05
4888.05
4888.05
4888.05
4888.05
4888.05
4888.05
4888.05
4888.05
4888.05
4888.05
4888.05
4888.05
4888.05
4888.05
4888.05
4888.05
4888.05
4888.05
4888.05
4888.05
4888.05
4888.05
4888.05
4888.05
