100.149
92.6773
96.539
82.8992
77.5767
85.6173
97.1012
175.345
229.73
167.078
159.632
189.604
248.048
271.571
260.177
261.677
264.436
321.704
316.966
220.586
204.691
142.125
119.86
96.7304
88.8357
78.1601
77.0263
48.7275
43.8867
47.2918
78.229
145.206
204.216
169.033
143.499
183.502
243.114
267.4
264.101
269.405
274.292
350.516
329.412
209.72
220.532
161.439
127.47
109.276
92.9168
87.9735
88.2052
61.5797
51.544
63.8812
97.7025
162.798
212.01
159.436
160.063
185.449
251.797
246.469
242.93
249.211
252.598
324.723
308.471
198.003
183.245
142.125
119.746
95.24
81.5501
75.621
67.2393
48.1279
30.4746
43.6325
56.819
154.012
210.965
175.746
151.658
172.963
226.832
254.751
250.101
252.339
266.368
332.171
316.542
207.57
171.047
133.315
100.873
80.547
66.5634
58.2131
54.0481
25.7325
23.4781
33.0694
56.1457
168.88
231.16
191.548
163.548
183.01
253.522
255.906
257.662
257.089
319.253
358.977
349.679
254.353
196.516
158.766
131.313
99.6242
81.4918
49.0606
32.1706
8.88714
6.48172
11.9103
82.0034
253.6
351.114
210.439
188.372
208.079
225.902
209.149
212.579
225.134
278.773
403.093
372.196
259.856
195.078
156.56
137.146
94.7
59.8011
35.3048
14.9932
-0.626514
-2.22534
3.20889
83.2336
233.557
328.001
202.202
179.067
195.658
221.521
201.662
198.899
211.575
258.482
341.42
318.281
169.976
149.65
115.709
80.9974
74.0915
77.5778
67.0702
87.1689
77.1011
75.1296
75.2117
107.921
182.875
227.8
163.159
151.913
179.559
221.408
222.663
226.057
230.411
232.981
311.883
296.528
195.166
181.493
140.561
113.551
97.4311
94.1279
89.1661
83.7588
48.7275
43.8867
47.4782
77.6124
162.798
211.005
160.313
150.216
170.96
240.286
257.28
248.923
249.211
234.18
314.56
308.72
207.536
163.161
131.28
95.3332
86.7413
81.5268
82.7183
90.4874
71.2115
62.714
79.8561
97.7025
178.107
232.635
161.682
158.161
182.816
234.284
243.571
239.194
237.241
238.855
309.525
301.822
213.411
202.776
156.462
138.021
116.248
108.641
97.5916
100.274
82.8234
81.0086
85.9879
106.815
193.19
203.463
160.474
160.43
194.202
236.712
244.694
240.594
242.623
244.334
314.28
288.974
188.306
184.059
145.382
125.268
99.997
95.698
86.603
86.1163
58.9275
55.8781
50.588
76.4209
131.028
183.004
147.837
131.269
171.321
225.638
227.222
223.777
220.328
228.26
310.916
301.272
194.576
188.147
123.724
109.853
93.3733
85.2891
71.9236
69.5528
51.5204
46.0795
41.8532
78.3003
141.408
208.311
161.232
158.888
191.231
247.003
273.243
262.617
265.827
257.319
322.157
310.791
212.51
196.647
152.243
127.984
96.8407
84.4676
77.4631
76.3861
64.2686
44.4783
43.6325
66.1847
182.496
210.965
172.179
162.884
192.489
245.993
242.268
243.166
243.386
249.527
322.688
308.883
208.925
180.761
139.928
114.996
94.744
78.6974
80.1137
77.6036
49.3719
43.5046
57.5672
94.4012
199.943
259.13
183.914
184.139
208.783
288.199
311.996
302.059
306.293
288.539
441.723
411.102
304.688
245.195
202.233
185.947
153.58
85.866
60.2218
45.0992
16.0206
68.4069
116.274
188.819
261.394
283.599
188.302
163.693
192.317
240.2
239.985
232.966
226.57
231.435
313.367
306.947
215.467
201.789
165.633
131.278
113.275
96.8307
98.3141
95.1842
76.8229
66.236
79.8561
105.588
203.322
241.718
162.229
153.208
184.636
227.241
221.373
214.981
217.086
224.575
301.098
291.533
174.191
160.951
115.895
96.7158
94.8319
91.1086
86.1483
99.1155
87.2017
84.1154
85.1278
105.087
182.779
214.02
156.925
142.36
157.438
209.49
222.663
217.479
226.57
222.078
306.63
301.053
199.799
180.294
135.521
98.103
94.8319
91.0294
70.9881
68.3222
47.3035
43.8043
38.3576
66.6751
155.426
195.722
153.141
133.496
155.107
217.4
232.556
237.595
249.211
264.436
331.971
313.31
215.104
223.734
158.113
125.838
111.451
78.8904
96.3342
80.8311
58.2362
61.3285
65.9731
106.545
236.317
324.708
195.936
190.949
208.783
282.04
281.706
260.223
267.366
278.885
341.277
318.202
213.829
183.86
144.488
119.502
105.918
20.731
18.3041
16.0526
6.98458
8.48041
2.90496
23.7116
69.7032
163.047
120.056
124.738
132.108
132.362
128.065
130.799
131.95
151.94
212.626
193.726
169.632
131.241
114.363
99.0329
71.7816
54.0238
10.4433
20.2873
15.7338
-0.303915
2.90496
23.7116
69.6748
160.301
116.977
109.012
126.306
133.763
133.285
130.598
132.868
153.017
222.891
196.739
140.941
91.2735
76.4286
51.7578
39.2338
36.6551
11.9301
0.727086
-5.38833
-5.41118
-4.50631
28.9529
76.949
161.094
116.955
101.633
111.776
118.151
118.664
116.643
108.324
107.809
192.386
164.449
105.862
63.7549
61.9346
44.6532
24.9699
19.8141
18.2107
16.6012
5.13326
9.66991
12.381
25.2621
69.3064
150.623
96.6597
80.007
78.7976
92.3257
94.5522
85.632
88.1313
94.6759
176.646
161.657
104.281
65.7932
67.9916
49.4238
36.7399
18.7273
24.1523
8.0028
-0.412862
-0.222922
34.1634
70.236
142.067
99.8265
60.014
77.0242
78.3861
91.7819
90.083
95.006
106.383
187.421
159.657
104.86
62.8171
63.8448
47.7896
34.9999
18.4164
19.9157
19.0455
18.5021
19.1973
23.5007
76.2128
135.717
96.0973
75.2218
79.5682
94.5127
106.712
101.687
99.4407
96.8666
187.113
161.889
102.783
62.7578
64.6696
46.748
35.9146
18.7432
18.925
12.9866
10.9955
8.98597
12.0366
29.0889
70.2546
148.351
105.011
81.0126
85.6706
89.426
79.7318
123.189
124.019
155.54
208.191
177.696
106.585
75.2072
60.5651
44.3741
31.8203
21.7516
15.3022
17.4403
11.836
16.2845
24.6375
71.9918
144.275
100.869
78.0964
84.2698
93.1679
93.8512
84.821
87.8363
92.5668
179.253
157.662
105.064
68.26
72.7444
54.6247
40.4741
18.8084
25.2309
18.3036
11.1221
12.7402
15.2775
39.1006
75.5321
144.53
95.0056
67.7606
68.7783
83.2095
87.6024
87.0518
87.9474
92.2131
173.225
158.255
103.764
65.8238
64.9875
46.814
28.1344
19.0019
19.5035
12.3433
0.829715
2.15723
0.77922
34.774
70.9449
149.638
107.161
78.506
83.1107
98.8792
106.737
113.076
115.314
119.262
199.495
166.798
104.799
65.9979
60.9795
