21754.8
18470.4
15519.5
13562
12422
11806.1
11501.2
11370.7
11330.3
11328.9
11334.8
11327.6
11292
11214.2
11081
10884
10633.5
10365.4
10113.7
9882.63
9659.33
9431.1
9190.55
8935.24
8666.46
8388.09
8105.66
7825.47
7553.74
7296.06
7056.9
6839.46
6645.37
6474.65
6325.93
6197.04
6085.62
5989.38
5906.3
5834.64
5772.83
5719.65
5673.83
5634.62
5600.74
5572.23
5547.01
5527.1
5507.3
5495.78
5476.42
5477.68
5446.73
5479.48
5400.31
5531.62
5287.02
5759.54
4997
6775.78
4773.75
11506.7
7109.56
14341.5
6226.72
10097.9
5075.67
7183.54
4899.26
6433.48
5003.45
6197.48
5087.15
6089.66
5134.03
6032.73
5150.99
6003.76
5145.34
5995.11
5122.47
6004.85
5086.1
6033.4
5038.92
6081.88
4983.52
6150.48
4923.2
6236.29
4862.65
6330.4
4807.79
6415.92
4764.65
6470.75
4737.64
6477.19
4728.38
6432.7
4735.61
6350.96
4755.68
6251.99
4783.64
6152.04
4814.78
6060.19
4845.62
5979.84
4874.06
5911.25
4899.12
5853.35
4920.51
5804.7
4938.31
5763.88
4952.82
5729.63
4964.39
5700.93
4973.37
5676.91
4980.1
5656.86
4984.89
5640.22
4988
5626.51
4989.67
5615.33
4990.11
5606.34
4989.51
5599.25
4988.03
5593.79
4985.82
5589.71
4983.04
5586.79
4979.82
5584.8
4976.29
5583.52
4972.59
5582.73
4968.82
5582.24
4965.12
5581.82
4961.59
5581.28
4958.33
5580.44
4955.43
5579.13
4952.96
5577.21
4950.97
5574.57
4949.5
5571.14
4948.57
5566.88
4948.18
5561.77
4948.3
5555.84
4948.92
5549.14
4949.99
5541.75
4951.45
5533.76
4953.24
5525.25
4955.31
5516.34
4957.59
5507.12
4960.03
5497.69
4962.57
5488.13
4965.16
5478.53
4967.75
5468.95
4970.31
5459.44
4972.79
5450.06
4975.18
5440.84
4977.45
5431.81
4979.58
5422.99
4981.56
5414.4
4983.38
5406.04
4985.04
5397.92
4986.52
5390.04
4987.84
5382.4
4988.99
5374.99
4989.98
5367.81
4990.81
5360.84
4991.49
5354.08
4992.02
5347.52
4992.41
5341.14
4992.67
5334.94
4992.81
5328.91
4992.83
5323.04
4992.74
5317.31
4992.55
5311.72
4992.27
5306.25
4991.89
5300.91
4991.44
5295.67
4990.92
5290.53
4990.33
5285.48
4989.68
5280.52
4988.97
5275.63
4988.22
5270.82
4987.42
5266.07
4986.57
5261.38
4985.69
5256.74
4984.77
5252.15
4983.82
5247.61
4982.85
5243.11
4981.84
5238.64
4980.81
5234.21
4979.75
5229.8
4978.67
5225.43
4977.57
5221.07
4976.44
5216.74
4975.29
5212.43
4974.12
5208.14
4972.93
5203.86
4971.71
5199.59
4970.47
5195.34
4969.2
5191.09
4967.91
5186.85
4966.6
5182.62
4965.27
5178.4
4963.91
5174.18
4962.53
5169.96
4961.13
5165.74
4959.72
5161.52
4958.28
5157.3
4956.84
5153.08
4955.38
5148.86
4953.92
5144.63
4952.46
5140.39
4951
5136.15
4949.54
5131.9
4948.09
5127.65
4946.66
5123.39
4945.24
5119.12
4943.85
5114.84
4942.48
5110.56
4941.14
5106.28
4939.83
5101.99
4938.55
5097.7
4937.31
5093.4
4936.11
5089.11
4934.94
5084.81
4933.82
5080.52
4932.74
5076.23
4931.7
5071.95
4930.7
5067.68
4929.74
5063.42
4928.82
5059.18
4927.94
5054.95
4927.1
5050.74
4926.3
5046.55
4925.54
5042.38
4924.8
5038.24
4924.1
5034.13
4923.44
5030.05
4922.8
5026.01
4922.18
5022
4921.6
5018.03
4921.03
5014.1
4920.49
5010.22
4919.97
5006.38
4919.46
5002.59
4918.96
4998.85
4918.48
4995.16
4918.01
4991.52
4917.55
4987.94
4917.09
4984.41
4916.64
4980.95
4916.19
4977.54
4915.74
4974.19
4915.29
4970.9
4914.84
4967.67
4914.38
4964.51
4913.91
4961.41
4913.43
4958.38
4912.95
4955.41
4912.45
4952.5
4911.94
4949.67
4911.41
4946.89
4910.87
4944.18
4910.32
4941.54
4909.75
4938.96
4909.16
4936.44
4908.55
4933.99
4907.92
4931.6
4907.28
4929.27
4906.61
4927.01
4905.93
4924.81
4905.22
4922.66
4904.5
4920.57
4903.76
4918.54
4903
4916.57
4902.23
4914.65
4901.43
4912.79
4900.62
4910.97
4899.8
4909.21
4898.96
4907.5
4898.1
4905.83
4897.24
4904.21
4896.36
4902.64
4895.48
4901.1
4894.58
4899.61
4893.68
4898.16
4892.77
4896.75
4891.85
4895.38
4890.94
4894.04
4890.01
4892.74
4889.09
4891.47
4888.17
4890.24
4887.25
4889.03
4886.33
4887.86
4885.42
4886.71
4884.5
4885.6
4883.6
4884.51
4882.7
4883.45
4881.81
4882.42
4880.93
4881.41
4880.06
4880.42
4879.2
4879.47
4878.35
4878.53
4877.51
4877.62
4876.68
4876.73
4875.87
4875.86
4875.07
4875.01
4874.29
4874.19
4873.52
4873.39
4872.77
4872.6
4872.03
4871.84
4871.3
4871.1
4870.6
4870.38
4869.91
4869.68
4869.23
4868.99
4868.58
4868.33
4867.94
4867.68
4867.31
4867.06
4866.7
4866.45
4866.11
4865.86
4865.54
4865.29
4864.98
4864.74
4864.44
4864.2
4863.92
4863.68
4863.41
4863.18
4862.92
4862.7
4862.45
4862.23
4861.99
4861.77
4861.55
4861.34
4861.12
4860.92
4860.71
4860.51
4860.31
4860.12
4859.93
4859.74
4859.56
4859.38
4859.2
4859.03
4858.86
4858.7
4858.54
4858.38
4858.22
4858.07
4857.92
4857.78
4857.63
4857.49
4857.36
4857.22
4857.09
4856.97
4856.84
4856.72
4856.6
4856.48
4856.37
4856.26
4856.15
4856.04
4855.94
4855.84
4855.74
4855.64
4855.55
4855.46
4855.37
4855.28
4855.19
4855.11
4855.03
4854.95
4854.88
4854.8
4854.73
4854.66
4854.59
4854.53
4854.46
4854.4
4854.34
4854.28
4854.22
4854.17
4854.12
4854.06
4854.01
4853.97
4853.92
4853.87
4853.83
4853.79
4853.75
4853.71
4853.67
4853.64
4853.6
4853.57
4853.54
4853.51
4853.48
4853.45
4853.42
4853.4
4853.37
4853.35
4853.33
4853.31
4853.29
4853.27
4853.25
4853.24
4853.22
4853.21
4853.2
4853.18
4853.17
4853.16
4853.15
4853.14
4853.13
4853.13
4853.12
4853.12
4853.11
4853.11
4853.1
4853.1
4853.1
4853.1
4853.1
4853.1
4853.1
4853.1
4853.1
4853.1
4853.1
4853.1
4853.11
4853.11
4853.11
4853.12
4853.12
4853.13
4853.13
4853.14
4853.14
4853.15
4853.16
4853.16
4853.17
4853.18
4853.19
4853.19
4853.2
4853.21
4853.22
4853.23
4853.23
4853.24
4853.25
4853.26
4853.27
4853.28
4853.29
4853.29
4853.3
4853.31
4853.32
4853.33
4853.34
4853.35
4853.36
4853.37
4853.38
4853.39
4853.39
4853.4
4853.41
4853.42
4853.43
4853.44
4853.45
4853.46
4853.47
4853.47
4853.48
4853.49
4853.5
4853.51
4853.51
4853.52
4853.53
4853.54
4853.55
4853.55
4853.56
4853.57
4853.58
4853.58
4853.59
4853.6
4853.6
4853.61
4853.62
4853.62
4853.63
4853.64
4853.64
4853.65
4853.65
4853.66
4853.66
4853.67
4853.67
4853.68
4853.68
4853.69
4853.69
4853.7
4853.7
4853.71
4853.71
4853.72
4853.72
4853.72
4853.73
4853.73
4853.74
4853.74
4853.74
4853.75
4853.75
4853.75
4853.76
4853.76
4853.76
4853.76
4853.77
4853.77
4853.77
4853.77
4853.78
4853.78
4853.78
4853.78
4853.79
4853.79
4853.79
4853.79
4853.79
4853.8
4853.8
4853.8
4853.8
4853.8
4853.8
4853.8
4853.81
4853.81
4853.81
4853.81
4853.81
4853.81
4853.81
4853.82
4853.82
4853.82
4853.82
4853.82
4853.82
4853.82
4853.82
4853.82
4853.83
4853.83
4853.83
4853.83
4853.83
4853.83
4853.83
4853.83
4853.84
4853.84
4853.84
4853.84
4853.84
4853.84
4853.84
4853.84
4853.85
4853.85
4853.85
4853.85
4853.85
4853.85
4853.86
4853.86
4853.86
4853.86
4853.86
4853.87
4853.87
4853.87
4853.87
4853.87
4853.88
4853.88
4853.88
4853.88
4853.89
4853.89
4853.89
4853.9
4853.9
4853.9
4853.91
4853.91
4853.91
4853.92
4853.92
4853.92
4853.93
4853.93
4853.94
4853.94
4853.94
4853.95
4853.95
4853.96
4853.96
4853.97
4853.97
4853.98
4853.98
4853.99
4853.99
4854
4854.01
4854.01
4854.02
4854.02
4854.03
4854.04
4854.04
4854.05
4854.06
4854.06
4854.07
4854.08
4854.09
4854.09
4854.1
4854.11
4854.12
4854.13
4854.14
4854.14
4854.15
4854.16
4854.17
4854.18
4854.19
4854.2
4854.21
4854.22
4854.23
4854.24
4854.25
4854.26
4854.27
4854.29
4854.3
4854.31
4854.32
4854.33
4854.35
4854.36
4854.37
4854.38
4854.4
4854.41
4854.42
4854.44
4854.45
4854.47
4854.48
4854.5
4854.51
4854.53
4854.54
4854.56
4854.57
4854.59
4854.61
4854.62
4854.64
4854.66
4854.67
4854.69
4854.71
4854.73
4854.75
4854.77
4854.78
4854.8
4854.82
4854.84
4854.86
4854.88
4854.9
4854.93
4854.95
4854.97
4854.99
4855.01
4855.03
4855.06
4855.08
4855.1
4855.13
4855.15
4855.17
4855.2
4855.22
4855.25
4855.27
4855.3
4855.33
4855.35
4855.38
4855.41
4855.43
4855.46
4855.49
4855.52
4855.55
4855.58
4855.61
4855.63
4855.67
4855.7
4855.73
4855.76
4855.79
4855.82
4855.85
4855.89
4855.92
4855.95
4855.99
4856.02
4856.05
4856.09
4856.12
4856.16
4856.2
4856.23
4856.27
4856.31
4856.34
4856.38
4856.42
4856.46
4856.5
4856.54
4856.58
4856.62
4856.66
4856.7
4856.74
4856.79
4856.83
4856.87
4856.92
4856.96
4857
4857.05
4857.09
4857.14
4857.19
4857.23
4857.28
4857.33
4857.38
4857.43
4857.47
4857.52
4857.57
4857.63
4857.68
4857.73
4857.78
4857.83
4857.89
4857.94
4857.99
4858.05
4858.1
4858.16
4858.21
4858.27
4858.33
4858.39
4858.44
4858.5
4858.56
4858.62
4858.68
4858.74
4858.8
4858.86
4858.93
4858.99
4859.05
4859.12
4859.18
4859.25
4859.31
4859.38
4859.45
4859.51
4859.58
4859.65
4859.72
4859.79
4859.86
4859.93
4860
4860.07
4860.15
4860.22
4860.29
4860.37
4860.44
4860.52
4860.59
4860.67
4860.75
4860.83
4860.9
4860.98
4861.06
4861.14
4861.23
4861.31
4861.39
4861.47
4861.56
4861.64
4861.72
4861.81
4861.9
4861.98
4862.07
4862.16
4862.25
4862.34
4862.43
4862.52
4862.61
4862.7
4862.79
4862.89
4862.98
4863.07
4863.17
4863.26
4863.36
4863.46
4863.56
4863.65
4863.75
4863.85
4863.95
4864.05
4864.16
4864.26
4864.36
4864.47
4864.57
4864.68
4864.78
4864.89
4865
4865.1
4865.21
4865.32
4865.43
4865.54
4865.65
4865.77
4865.88
4865.99
4866.11
4866.22
4866.34
4866.45
4866.57
4866.69
4866.81
4866.92
4867.04
4867.16
4867.29
4867.41
4867.53
4867.65
4867.78
4867.9
4868.03
4868.15
4868.28
4868.41
4868.54
4868.66
4868.79
4868.92
4869.06
4869.19
4869.32
4869.45
4869.59
4869.72
4869.86
4869.99
4870.13
4870.27
4870.41
4870.55
4870.68
4870.83
4870.97
4871.11
4871.25
4871.39
4871.54
4871.68
4871.83
4871.97
4872.12
4872.27
4872.42
4872.57
4872.72
4872.87
4873.02
4873.17
4873.32
4873.48
4873.63
4873.78
4873.94
4874.1
4874.25
4874.41
4874.57
4874.73
4874.89
4875.05
4875.21
4875.37
4875.53
4875.7
4875.86
4876.03
4876.19
4876.36
4876.52
4876.69
4876.86
4877.03
4877.2
4877.37
4877.54
4877.71
4877.88
4878.06
4878.23
4878.41
4878.58
4878.76
4878.93
4879.11
4879.29
4879.47
4879.65
4879.83
4880.01
4880.19
4880.37
4880.55
4880.74
4880.92
4881.11
4881.29
4881.48
4881.67
4881.85
4882.04
4882.23
4882.42
4882.61
4882.8
4882.99
4883.19
4883.38
4883.57
4883.77
4883.96
4884.16
4884.36
4884.55
4884.75
4884.95
4885.15
4885.35
4885.55
4885.75
4885.95
4886.15
4886.36
4886.56
4886.76
4886.97
4887.17
4887.38
4887.59
4887.79
4888
4888.21
4888.42
4888.63
4888.84
4889.05
4889.26
4889.48
4889.69
4889.9
4890.12
4890.33
4890.55
4890.76
4890.98
4891.2
4891.42
4891.64
4891.86
4892.08
4892.3
4892.52
4892.74
4892.96
4893.18
4893.41
4893.63
4893.86
4894.08
4894.31
4894.53
4894.76
4894.99
4895.22
4895.44
4895.67
4895.9
4896.13
4896.37
4896.6
4896.83
4897.06
4897.3
4897.53
4897.76
4898
4898.23
4898.47
4898.71
4898.94
4899.18
4899.42
4899.66
4899.9
4900.14
4900.38
4900.62
4900.86
4901.1
4901.34
4901.59
4901.83
4902.08
4902.32
4902.56
4902.81
4903.06
4903.3
4903.55
4903.8
4904.05
4904.3
4904.54
4904.79
4905.04
4905.29
4905.55
4905.8
4906.05
4906.3
4906.56
4906.81
4907.06
4907.32
4907.57
4907.83
4908.08
4908.34
4908.6
4908.85
4909.11
4909.37
4909.63
4909.89
4910.15
4910.41
4910.67
4910.93
4911.19
4911.45
4911.72
4911.98
4912.24
4912.51
4912.77
4913.03
4913.3
4913.56
4913.83
4914.1
4914.36
4914.63
4914.9
4915.17
4915.43
4915.7
4915.97
4916.24
4916.51
4916.78
4917.05
4917.32
4917.59
4917.87
4918.14
4918.41
4918.68
4918.96
4919.23
4919.51
4919.78
4920.06
4920.33
4920.61
4920.88
4921.16
4921.44
4921.71
4921.99
4922.27
4922.55
4922.83
4923.1
4923.38
4923.66
4923.94
4924.22
4924.51
4924.79
4925.07
4925.35
4925.63
4925.91
4926.2
4926.48
4926.76
4927.05
4927.33
4927.62
4927.9
4928.19
4928.47
4928.76
4929.04
4929.33
4929.62
4929.9
4930.19
4930.48
4930.77
4931.05
4931.34
4931.63
4931.92
4932.21
4932.5
4932.79
4933.08
4933.37
4933.66
4933.95
4934.24
4934.54
4934.83
4935.12
4935.41
4935.7
4936
4936.29
4936.58
4936.88
4937.17
4937.47
4937.76
4938.06
4938.35
4938.65
4938.94
4939.24
4939.54
4939.83
4940.13
4940.43
4940.72
4941.02
4941.32
4941.62
4941.91
4942.21
4942.51
4942.81
4943.11
4943.41
4943.71
4944.01
4944.31
4944.61
4944.91
4945.21
4945.51
4945.81
4946.11
4946.41
4946.71
4947.02
4947.32
4947.62
4947.92
4948.23
4948.53
4948.83
4949.14
4949.44
4949.74
4950.05
4950.35
4950.66
4950.96
4951.26
4951.57
4951.88
4952.18
4952.49
4952.79
4953.1
4953.4
4953.71
4954.02
4954.32
4954.63
4954.94
4955.24
4955.55
4955.86
4956.17
4956.47
4956.78
4957.09
4957.4
4957.71
4958.01
4958.32
4958.63
4958.94
4959.25
4959.56
4959.87
4960.18
4960.49
4960.8
4961.11
4961.42
4961.73
4962.04
4962.35
4962.66
4962.97
4963.28
4963.59
4963.91
4964.22
4964.53
4964.84
4965.15
4965.47
4965.78
4966.09
4966.4
4966.71
4967.03
4967.34
4967.65
4967.97
4968.28
4968.59
4968.91
4969.22
4969.53
4969.85
4970.16
4970.47
4970.79
4971.1
4971.42
4971.73
4972.05
4972.36
4972.68
4972.99
4973.31
4973.62
4973.94
4974.25
4974.57
4974.88
4975.2
4975.51
4975.83
4976.14
4976.46
4976.78
4977.09
4977.41
4977.72
4978.04
4978.36
4978.67
4978.99
4979.31
4979.62
4979.94
4980.26
4980.57
4980.89
4981.21
4981.53
4981.84
4982.16
4982.48
4982.8
4983.11
4983.43
4983.75
4984.07
4984.39
4984.7
4985.02
4985.34
4985.66
4985.98
4986.29
4986.61
4986.93
4987.25
4987.57
4987.89
4988.21
4988.52
4988.84
4989.16
4989.48
4989.8
4990.12
4990.44
4990.76
4991.08
4991.4
4991.72
4992.04
4992.35
4992.67
4992.99
4993.31
4993.63
4993.95
4994.27
4994.59
4994.91
4995.23
4995.55
4995.87
4996.19
4996.51
4996.83
4997.15
4997.47
4997.79
4998.11
4998.43
4998.75
4999.07
4999.39
4999.71
5000.03
5000.35
5000.68
5001
5001.32
5001.64
5001.96
5002.28
5002.6
5002.92
5003.24
5003.56
5003.88
5004.2
5004.52
5004.84
5005.17
5005.49
5005.81
5006.13
5006.45
5006.77
5007.09
5007.41
5007.73
5008.05
5008.38
5008.7
5009.02
5009.34
5009.66
5009.98
5010.3
5010.62
5010.95
5011.27
5011.59
5011.91
5012.23
5012.55
5012.87
5013.19
5013.52
5013.84
5014.16
5014.48
5014.8
5015.12
5015.44
5015.77
5016.09
5016.41
5016.73
5017.05
5017.37
5017.7
5018.02
5018.34
5018.66
5018.98
5019.3
5019.62
5019.95
5020.27
5020.59
5020.91
5021.23
5021.55
5021.88
5022.2
5022.52
5022.84
5023.16
5023.48
5023.8
5024.13
5024.45
5024.77
5025.09
5025.41
5025.73
5026.06
5026.38
5026.7
5027.02
5027.34
5027.66
5027.98
5028.31
5028.63
5028.95
5029.27
5029.59
5029.91
5030.23
5030.56
5030.88
5031.2
5031.52
5031.84
5032.16
5032.48
5032.81
5033.13
5033.45
5033.77
5034.09
5034.41
5034.73
5035.06
5035.38
5035.7
5036.02
5036.34
5036.66
5036.98
5037.3
5037.63
5037.95
5038.27
5038.59
5038.91
5039.23
5039.55
5039.87
5040.2
5040.52
5040.84
5041.16
5041.48
5041.8
5042.12
5042.44
5042.76
5043.09
5043.41
5043.73
5044.05
5044.37
5044.69
5045.01
5045.33
5045.65
5045.97
5046.29
5046.62
5046.94
5047.26
5047.58
5047.9
5048.22
5048.54
5048.86
5049.18
5049.5
5049.82
5050.14
5050.46
5050.79
5051.11
5051.43
5051.75
5052.07
5052.39
5052.71
5053.03
5053.35
5053.67
5053.99
5054.31
5054.63
5054.95
5055.27
5055.59
5055.91
5056.23
5056.55
5056.87
5057.19
5057.51
5057.84
5058.16
5058.48
5058.8
5059.12
5059.44
5059.76
5060.08
5060.4
5060.72
5061.04
5061.36
5061.68
5062
5062.32
5062.64
5062.96
5063.28
5063.6
5063.92
5064.24
5064.56
5064.88
5065.2
5065.52
5065.84
5066.16
5066.47
5066.79
5067.11
5067.43
5067.75
5068.07
5068.39
5068.71
5069.03
5069.35
5069.67
5069.99
5070.31
5070.63
5070.95
5071.27
5071.59
5071.91
5072.23
5072.55
5072.87
5073.19
5073.51
5073.82
5074.14
5074.46
5074.78
5075.1
5075.42
5075.74
5076.06
5076.38
5076.7
5077.02
5077.34
5077.66
5077.97
5078.29
5078.61
5078.93
5079.25
5079.57
5079.89
5080.21
5080.53
5080.85
5081.17
5081.48
5081.8
5082.12
5082.44
5082.76
5083.08
5083.4
5083.72
5084.04
5084.35
5084.67
5084.99
5085.31
5085.63
5085.95
5086.27
5086.59
5086.91
5087.22
5087.54
5087.86
5088.18
5088.5
5088.82
5089.14
5089.46
5089.77
5090.09
5090.41
5090.73
5091.05
5091.37
5091.69
5092.01
5092.32
5092.64
5092.96
5093.28
5093.6
5093.92
5094.24
5094.55
5094.87
5095.19
5095.51
5095.83
5096.15
5096.47
5096.78
5097.1
5097.42
5097.74
5098.06
5098.38
5098.7
5099.01
5099.33
5099.65
5099.97
5100.29
5100.61
5100.93
5101.24
5101.56
5101.88
5102.2
5102.52
5102.84
5103.16
5103.47
5103.79
5104.11
5104.43
5104.75
5105.07
5105.39
5105.7
5106.02
5106.34
5106.66
5106.98
5107.3
5107.62
5107.93
5108.25
5108.57
5108.89
5109.21
5109.53
5109.85
5110.17
5110.48
5110.8
5111.12
5111.44
5111.76
5112.08
5112.4
5112.72
5113.03
5113.35
5113.67
5113.99
5114.31
5114.63
5114.95
5115.27
5115.59
5115.91
5116.22
5116.54
5116.86
5117.18
5117.5
5117.82
5118.14
5118.46
5118.78
5119.1
5119.42
5119.74
5120.05
5120.37
5120.69
5121.01
5121.33
5121.65
5121.97
5122.29
5122.61
5122.93
5123.25
5123.57
5123.89
5124.21
5124.53
5124.85
5125.17
5125.49
5125.81
5126.13
5126.45
5126.77
5127.09
5127.41
5127.73
5128.05
5128.37
5128.69
5129.01
5129.33
5129.65
5129.97
5130.29
5130.61
5130.93
5131.25
5131.57
5131.89
5132.21
5132.53
5132.86
5133.18
5133.5
5133.82
5134.14
5134.46
5134.78
5135.1
5135.42
5135.75
5136.07
5136.39
5136.71
5137.03
5137.35
5137.68
5138
5138.32
5138.64
5138.96
5139.29
5139.61
5139.93
5140.25
5140.57
5140.9
5141.22
5141.54
5141.86
5142.19
5142.51
5142.83
5143.16
5143.48
5143.8
5144.12
5144.45
5144.77
5145.09
5145.42
5145.74
5146.07
5146.39
5146.71
5147.04
5147.36
5147.68
5148.01
5148.33
5148.66
5148.98
5149.31
5149.63
5149.96
5150.28
5150.61
5150.93
5151.26
5151.58
5151.91
5152.23
5152.56
5152.88
5153.21
5153.53
5153.86
5154.19
5154.51
5154.84
5155.16
5155.49
5155.82
5156.14
5156.47
5156.8
5157.12
5157.45
5157.78
5158.11
5158.43
5158.76
5159.09
5159.42
5159.74
5160.07
5160.4
5160.73
5161.06
5161.39
5161.71
5162.04
5162.37
5162.7
5163.03
5163.36
5163.69
5164.02
5164.35
5164.68
5165.01
5165.34
5165.67
5166
5166.33
5166.66
5166.99
5167.32
5167.65
5167.98
5168.31
5168.64
5168.97
5169.3
5169.64
5169.97
5170.3
5170.63
5170.96
5171.3
5171.63
5171.96
5172.29
5172.63
5172.96
5173.29
5173.62
5173.96
5174.29
5174.62
5174.96
5175.29
5175.63
5175.96
5176.29
5176.63
5176.96
5177.3
5177.63
5177.97
5178.3
5178.64
5178.97
5179.31
5179.64
5179.98
5180.31
5180.65
5180.99
5181.32
5181.66
5181.99
5182.33
5182.67
5183
5183.34
5183.68
5184.01
5184.35
5184.69
5185.03
5185.36
5185.7
5186.04
5186.38
5186.71
5187.05
5187.39
5187.73
5188.07
5188.4
5188.74
5189.08
5189.42
5189.76
5190.1
5190.44
5190.78
5191.11
5191.45
5191.79
5192.13
5192.47
5192.81
5193.15
5193.49
5193.83
5194.17
5194.51
5194.85
5195.19
5195.53
5195.87
5196.21
5196.55
5196.89
5197.23
5197.57
5197.91
5198.25
5198.59
5198.93
5199.27
5199.61
5199.95
5200.29
5200.64
5200.98
5201.32
5201.66
5202
5202.34
5202.68
5203.02
5203.36
5203.7
5204.04
5204.38
5204.72
5205.06
5205.4
5205.74
5206.09
5206.43
5206.77
5207.11
5207.45
5207.79
5208.13
5208.47
5208.81
5209.15
5209.49
5209.83
5210.17
5210.51
5210.85
5211.19
5211.53
5211.87
5212.21
5212.55
5212.89
5213.22
5213.56
5213.9
5214.24
5214.58
5214.92
5215.26
5215.6
5215.93
5216.27
5216.61
5216.95
5217.29
5217.62
5217.96
5218.3
5218.63
5218.97
5219.31
5219.65
5219.98
5220.32
5220.65
5220.99
5221.33
5221.66
5222
5222.33
5222.67
5223
5223.34
5223.67
5224
5224.34
5224.67
5225
5225.34
5225.67
5226
5226.34
5226.67
5227
5227.33
5227.66
5227.99
5228.33
5228.66
5228.99
5229.32
5229.65
5229.98
5230.31
5230.63
5230.96
5231.29
5231.62
5231.95
5232.28
5232.6
5232.93
5233.26
5233.58
5233.91
5234.23
5234.56
5234.89
5235.21
5235.53
5235.86
5236.18
5236.51
5236.83
5237.15
5237.47
5237.8
5238.12
5238.44
5238.76
5239.08
5239.4
5239.72
5240.04
5240.36
5240.68
5241
5241.32
5241.64
5241.95
5242.27
5242.59
5242.9
5243.22
5243.54
5243.85
5244.17
5244.48
5244.79
5245.11
5245.42
5245.73
5246.05
5246.36
5246.67
5246.98
5247.29
5247.6
5247.91
5248.22
5248.53
5248.84
5249.15
5249.46
5249.77
5250.08
5250.38
5250.69
5251
5251.3
5251.61
5251.91
5252.22
5252.52
5252.82
5253.13
5253.43
5253.73
5254.04
5254.34
5254.64
5254.94
5255.24
5255.54
5255.84
5256.14
5256.44
5256.74
5257.03
5257.33
5257.63
5257.93
5258.22
5258.52
5258.81
5259.11
5259.4
5259.7
5259.99
5260.29
5260.58
5260.87
5261.16
5261.46
5261.75
5262.04
5262.33
5262.62
5262.91
5263.2
5263.49
5263.77
5264.06
5264.35
5264.64
5264.92
5265.21
5265.5
5265.78
5266.07
5266.35
5266.64
5266.92
5267.2
5267.49
5267.77
5268.05
5268.34
5268.62
5268.9
5269.18
5269.46
5269.74
5270.02
5270.3
5270.58
5270.86
5271.13
5271.41
5271.69
5271.97
5272.24
5272.52
5272.79
5273.07
5273.34
5273.62
5273.89
5274.17
5274.44
5274.71
5274.98
5275.26
5275.53
5275.8
5276.07
5276.34
5276.61
5276.88
5277.15
5277.42
5277.69
5277.96
5278.23
5278.49
5278.76
5279.03
5279.3
5279.56
5279.83
5280.09
5280.36
5280.62
5280.89
5281.15
5281.42
5281.68
5281.94
5282.2
5282.47
5282.73
5282.99
5283.25
5283.51
5283.77
5284.03
5284.29
5284.55
5284.81
5285.07
5285.33
5285.59
5285.85
5286.1
5286.36
5286.62
5286.87
5287.13
5287.39
5287.64
5287.9
5288.15
5288.41
5288.66
5288.91
5289.17
5289.42
5289.67
5289.93
5290.18
5290.43
5290.68
5290.93
5291.18
5291.44
5291.69
5291.94
5292.19
5292.44
5292.68
5292.93
5293.18
5293.43
5293.68
5293.93
5294.17
5294.42
5294.67
5294.91
5295.16
5295.41
5295.65
5295.9
5296.14
5296.39
5296.63
5296.87
5297.12
5297.36
5297.61
5297.85
5298.09
5298.33
5298.58
5298.82
5299.06
5299.3
5299.54
5299.78
5300.02
5300.26
5300.5
5300.74
5300.98
5301.22
5301.46
5301.7
5301.94
5302.18
5302.41
5302.65
5302.89
5303.13
5303.36
5303.6
5303.84
5304.07
5304.31
5304.54
5304.78
5305.01
5305.25
5305.48
5305.72
5305.95
5306.18
5306.42
5306.65
5306.88
5307.12
5307.35
5307.58
5307.81
5308.04
5308.28
5308.51
5308.74
5308.97
5309.2
5309.43
5309.66
5309.89
5310.12
5310.35
5310.58
5310.81
5311.04
5311.26
5311.49
5311.72
5311.95
5312.18
5312.4
5312.63
5312.86
5313.08
5313.31
5313.54
5313.76
5313.99
5314.21
5314.44
5314.66
5314.89
5315.11
5315.34
5315.56
5315.79
5316.01
5316.23
5316.46
5316.68
5316.9
5317.13
5317.35
5317.57
5317.79
5318.01
5318.24
5318.46
5318.68
5318.9
5319.12
5319.34
5319.56
5319.78
5320
5320.22
5320.44
5320.66
5320.88
5321.1
5321.32
5321.54
5321.75
5321.97
5322.19
5322.41
5322.63
5322.84
5323.06
5323.28
5323.49
5323.71
5323.93
5324.14
5324.36
5324.58
5324.79
5325.01
5325.22
5325.44
5325.65
5325.87
5326.08
5326.29
5326.51
5326.72
5326.94
5327.15
5327.36
5327.58
5327.79
5328
5328.22
5328.43
5328.64
5328.85
5329.06
5329.28
5329.49
5329.7
5329.91
5330.12
5330.33
5330.54
5330.75
5330.96
5331.17
5331.38
5331.59
5331.8
5332.01
5332.22
5332.43
5332.64
5332.85
5333.06
5333.26
5333.47
5333.68
5333.89
5334.1
5334.3
5334.51
5334.72
5334.93
5335.13
5335.34
5335.55
5335.75
5335.96
5336.16
5336.37
5336.57
5336.78
5336.99
5337.19
5337.4
5337.6
5337.81
5338.01
5338.21
5338.42
5338.62
5338.83
5339.03
5339.23
5339.44
5339.64
5339.84
5340.05
5340.25
5340.45
5340.65
5340.86
5341.06
5341.26
5341.46
5341.66
5341.86
5342.07
5342.27
5342.47
5342.67
5342.87
5343.07
5343.27
5343.47
5343.67
5343.87
5344.07
5344.27
5344.47
5344.67
5344.87
5345.07
5345.26
5345.46
5345.66
5345.86
5346.06
5346.26
5346.45
5346.65
5346.85
5347.05
5347.24
5347.44
5347.64
5347.83
5348.03
5348.23
5348.42
5348.62
5348.82
5349.01
5349.21
5349.4
5349.6
5349.8
5349.99
5350.19
5350.38
5350.57
5350.77
5350.96
5351.16
5351.35
5351.55
5351.74
5351.93
5352.13
5352.32
5352.51
5352.71
5352.9
5353.09
5353.29
5353.48
5353.67
5353.86
5354.06
5354.25
5354.44
5354.63
5354.82
5355.02
5355.21
5355.4
5355.59
5355.78
5355.97
5356.16
5356.35
5356.54
5356.73
5356.92
5357.11
5357.3
5357.49
5357.68
5357.87
5358.06
5358.25
5358.44
5358.63
5358.82
5359.01
5359.19
5359.38
5359.57
5359.76
5359.95
5360.14
5360.32
5360.51
5360.7
5360.89
5361.07
5361.26
5361.45
5361.63
5361.82
5362.01
5362.19
5362.38
5362.57
5362.75
5362.94
5363.12
5363.31
5363.49
5363.68
5363.86
5364.05
5364.24
5364.42
5364.6
5364.79
5364.97
5365.16
5365.34
5365.53
5365.71
5365.89
5366.08
5366.26
5366.45
5366.63
5366.81
5367
5367.18
5367.36
5367.54
5367.73
5367.91
5368.09
5368.27
5368.46
5368.64
5368.82
5369
5369.18
5369.36
5369.55
5369.73
5369.91
5370.09
5370.27
5370.45
5370.63
5370.81
5370.99
5371.17
5371.35
5371.53
5371.71
5371.89
5372.07
5372.25
5372.43
5372.61
5372.79
5372.97
5373.15
5373.33
5373.51
5373.69
5373.86
5374.04
5374.22
5374.4
5374.58
5374.76
5374.93
5375.11
5375.29
5375.47
5375.64
5375.82
5376
5376.18
5376.35
5376.53
5376.71
5376.88
5377.06
5377.24
5377.41
5377.59
5377.76
5377.94
5378.12
5378.29
5378.47
5378.64
5378.82
5378.99
5379.17
5379.34
5379.52
5379.69
5379.87
5380.04
5380.22
5380.39
5380.57
5380.74
5380.91
5381.09
5381.26
5381.44
5381.61
5381.78
5381.96
5382.13
5382.3
5382.48
5382.65
5382.82
5382.99
5383.17
5383.34
5383.51
5383.68
5383.86
5384.03
5384.2
5384.37
5384.54
5384.72
5384.89
5385.06
5385.23
5385.4
5385.57
5385.74
5385.92
5386.09
5386.26
5386.43
5386.6
5386.77
5386.94
5387.11
5387.28
5387.45
5387.62
5387.79
5387.96
5388.13
5388.3
5388.47
5388.64
5388.81
5388.98
5389.14
5389.31
5389.48
5389.65
5389.82
5389.99
5390.16
5390.33
5390.49
5390.66
5390.83
5391
5391.17
5391.33
5391.5
5391.67
5391.84
5392
5392.17
5392.34
5392.51
5392.67
5392.84
5393.01
5393.17
5393.34
5393.51
5393.67
5393.84
5394
5394.17
5394.34
5394.5
5394.67
5394.83
5395
5395.17
5395.33
5395.5
5395.66
5395.83
5395.99
5396.16
5396.32
5396.49
5396.65
5396.82
5396.98
5397.15
5397.31
5397.47
5397.64
5397.8
5397.97
5398.13
5398.29
5398.46
5398.62
5398.78
5398.95
5399.11
5399.27
5399.44
5399.6
5399.76
5399.93
5400.09
5400.25
5400.41
5400.58
5400.74
5400.9
5401.06
5401.23
5401.39
5401.55
5401.71
5401.87
5402.04
5402.2
5402.36
5402.52
5402.68
5402.84
5403.01
5403.17
5403.33
5403.49
5403.65
5403.81
5403.97
5404.13
5404.29
5404.45
5404.61
5404.77
5404.93
5405.09
5405.25
5405.41
5405.57
5405.73
5405.89
5406.05
5406.21
5406.37
5406.53
5406.69
5406.85
5407.01
5407.17
5407.33
5407.48
5407.64
5407.8
5407.96
5408.12
5408.28
5408.44
5408.59
5408.75
5408.91
5409.07
5409.23
5409.39
5409.54
5409.7
5409.86
5410.02
5410.17
5410.33
5410.49
5410.65
5410.8
5410.96
5411.12
5411.27
5411.43
5411.59
5411.74
5411.9
5412.06
5412.21
5412.37
5412.53
5412.68
5412.84
5412.99
5413.15
5413.31
5413.46
5413.62
5413.77
5413.93
5414.09
5414.24
5414.4
5414.55
5414.71
5414.86
5415.02
5415.17
5415.33
5415.48
5415.64
5415.79
5415.95
5416.1
5416.25
5416.41
5416.56
5416.72
5416.87
5417.03
5417.18
5417.33
5417.49
5417.64
5417.8
5417.95
5418.1
5418.26
5418.41
5418.56
5418.72
5418.87
5419.02
5419.18
5419.33
5419.48
5419.64
5419.79
5419.94
5420.09
5420.25
5420.4
5420.55
5420.7
5420.86
5421.01
5421.16
5421.31
5421.46
5421.62
5421.77
5421.92
5422.07
5422.22
5422.38
5422.53
5422.68
5422.83
5422.98
5423.13
5423.28
5423.44
5423.59
5423.74
5423.89
5424.04
5424.19
5424.34
5424.49
5424.64
5424.79
5424.94
5425.09
5425.24
5425.39
5425.54
5425.69
5425.84
5426
5426.15
5426.29
5426.44
5426.59
5426.74
5426.89
5427.04
5427.19
5427.34
5427.49
5427.64
5427.79
5427.94
5428.09
5428.24
5428.39
5428.54
5428.69
5428.83
5428.98
5429.13
5429.28
5429.43
5429.58
5429.73
5429.87
5430.02
5430.17
5430.32
5430.47
5430.62
5430.76
5430.91
5431.06
5431.21
5431.36
5431.5
5431.65
5431.8
5431.95
5432.09
5432.24
5432.39
5432.54
5432.68
5432.83
5432.98
5433.12
5433.27
5433.42
5433.57
5433.71
5433.86
5434.01
5434.15
5434.3
5434.45
5434.59
5434.74
5434.89
5435.03
5435.18
5435.33
5435.47
5435.62
5435.76
5435.91
5436.06
5436.2
5436.35
5436.49
5436.64
5436.79
5436.93
5437.08
5437.22
5437.37
5437.51
5437.66
5437.8
5437.95
5438.09
5438.24
5438.38
5438.53
5438.67
5438.82
5438.96
5439.11
5439.25
5439.4
5439.54
5439.69
5439.83
5439.98
5440.12
5440.27
5440.41
5440.56
5440.7
5440.84
5440.99
5441.13
5441.28
5441.42
5441.57
5441.71
5441.85
5442
5442.14
5442.29
5442.43
5442.57
5442.72
5442.86
5443
5443.15
5443.29
5443.43
5443.58
5443.72
5443.86
5444.01
5444.15
5444.29
5444.44
5444.58
5444.72
5444.87
5445.01
5445.15
5445.3
5445.44
5445.58
5445.72
5445.87
5446.01
5446.15
5446.29
5446.44
5446.58
5446.72
5446.86
5447.01
5447.15
5447.29
5447.43
5447.58
5447.72
5447.86
5448
5448.14
5448.29
5448.43
5448.57
5448.71
5448.85
5449
5449.14
5449.28
5449.42
5449.56
5449.7
5449.85
5449.99
5450.13
5450.27
5450.41
5450.55
5450.69
5450.84
5450.98
5451.12
5451.26
5451.4
5451.54
5451.68
5451.82
5451.96
5452.11
5452.25
5452.39
5452.53
5452.67
5452.81
5452.95
5453.09
5453.23
5453.37
5453.51
5453.65
5453.79
5453.94
5454.08
5454.22
5454.36
5454.5
5454.64
5454.78
5454.92
5455.06
5455.2
5455.34
5455.48
5455.62
5455.76
5455.9
5456.04
5456.18
5456.32
5456.46
5456.6
5456.74
5456.88
5457.02
5457.16
5457.3
5457.44
5457.58
5457.72
5457.86
5458
5458.14
5458.28
5458.42
5458.56
5458.7
5458.83
5458.97
5459.11
5459.25
5459.39
5459.53
5459.67
5459.81
5459.95
5460.09
5460.23
5460.37
5460.51
5460.65
5460.79
5460.92
5461.06
5461.2
5461.34
5461.48
5461.62
5461.76
5461.9
5462.04
5462.18
5462.31
5462.45
5462.59
5462.73
5462.87
5463.01
5463.15
5463.29
5463.43
5463.56
5463.7
5463.84
5463.98
5464.12
5464.26
5464.4
5464.53
5464.67
5464.81
5464.95
5465.09
5465.23
5465.37
5465.5
5465.64
5465.78
5465.92
5466.06
5466.2
5466.33
5466.47
5466.61
5466.75
5466.89
5467.03
5467.16
5467.3
5467.44
5467.58
5467.72
5467.86
5467.99
5468.13
5468.27
5468.41
5468.55
5468.69
5468.82
5468.96
5469.1
5469.24
5469.38
5469.51
5469.65
5469.79
5469.93
5470.07
5470.2
5470.34
5470.48
5470.62
5470.76
5470.9
5471.03
5471.17
5471.31
5471.45
5471.59
5471.72
5471.86
5472
5472.14
5472.28
5472.41
5472.55
5472.69
5472.83
5472.96
5473.1
5473.24
5473.38
5473.52
5473.65
5473.79
5473.93
5474.07
5474.21
5474.34
5474.48
5474.62
5474.76
5474.9
5475.03
5475.17
5475.31
5475.45
5475.59
5475.72
5475.86
5476
5476.14
5476.27
5476.41
5476.55
5476.69
5476.83
5476.96
5477.1
5477.24
5477.38
5477.52
5477.65
5477.79
5477.93
5478.07
5478.21
5478.34
5478.48
5478.62
5478.76
5478.9
5479.03
5479.17
5479.31
5479.45
5479.59
5479.72
5479.86
5480
5480.14
5480.28
5480.41
5480.55
5480.69
5480.83
5480.97
5481.1
5481.24
5481.38
5481.52
5481.66
5481.79
5481.93
5482.07
5482.21
5482.35
5482.49
5482.62
5482.76
5482.9
5483.04
5483.18
5483.31
5483.45
5483.59
5483.73
5483.87
5484.01
5484.14
5484.28
5484.42
5484.56
5484.7
5484.84
5484.97
5485.11
5485.25
5485.39
5485.53
5485.67
5485.81
5485.94
5486.08
5486.22
5486.36
5486.5
5486.64
5486.78
5486.91
5487.05
5487.19
5487.33
5487.47
5487.61
5487.75
5487.89
5488.02
5488.16
5488.3
5488.44
5488.58
5488.72
5488.86
5489
5489.14
5489.28
5489.41
5489.55
5489.69
5489.83
5489.97
5490.11
5490.25
5490.39
5490.53
5490.67
5490.81
5490.95
5491.09
5491.22
5491.36
5491.5
5491.64
5491.78
5491.92
5492.06
5492.2
5492.34
5492.48
5492.62
5492.76
5492.9
5493.04
5493.18
5493.32
5493.46
5493.6
5493.74
5493.88
5494.02
5494.16
5494.3
5494.44
5494.58
5494.72
5494.86
5495
5495.14
5495.28
5495.42
5495.56
5495.7
5495.84
5495.98
5496.12
5496.26
5496.4
5496.54
5496.68
5496.82
5496.96
5497.1
5497.25
5497.39
5497.53
5497.67
5497.81
5497.95
5498.09
5498.23
5498.37
5498.51
5498.65
5498.79
5498.94
5499.08
5499.22
5499.36
5499.5
5499.64
5499.78
5499.92
5500.07
5500.21
5500.35
5500.49
5500.63
5500.77
5500.92
5501.06
5501.2
5501.34
5501.48
5501.62
5501.77
5501.91
5502.05
5502.19
5502.33
5502.48
5502.62
5502.76
5502.9
5503.05
5503.19
5503.33
5503.47
5503.61
5503.76
5503.9
5504.04
5504.18
5504.33
5504.47
5504.61
5504.76
5504.9
5505.04
5505.18
5505.33
5505.47
5505.61
5505.76
5505.9
5506.04
5506.19
5506.33
5506.47
5506.62
5506.76
5506.9
5507.05
5507.19
5507.33
5507.48
5507.62
5507.76
5507.91
5508.05
5508.2
5508.34
5508.48
5508.63
5508.77
5508.92
5509.06
5509.21
5509.35
5509.49
5509.64
5509.78
5509.93
5510.07
5510.22
5510.36
5510.51
5510.65
5510.79
5510.94
5511.08
5511.23
5511.37
5511.52
5511.66
5511.81
5511.96
5512.1
5512.25
5512.39
5512.54
5512.68
5512.83
5512.97
5513.12
5513.26
5513.41
5513.56
5513.7
5513.85
5513.99
5514.14
5514.29
5514.43
5514.58
5514.72
5514.87
5515.02
5515.16
5515.31
5515.46
5515.6
5515.75
5515.89
5516.04
5516.19
5516.33
5516.48
5516.63
5516.78
5516.92
5517.07
5517.22
5517.36
5517.51
5517.66
5517.81
5517.95
5518.1
5518.25
5518.4
5518.54
5518.69
5518.84
5518.99
5519.13
5519.28
5519.43
5519.58
5519.73
5519.87
5520.02
5520.17
5520.32
5520.47
5520.62
5520.76
5520.91
5521.06
5521.21
5521.36
5521.51
5521.66
5521.8
5521.95
5522.1
5522.25
5522.4
5522.55
5522.7
5522.85
5523
5523.15
5523.3
5523.44
5523.59
5523.74
5523.89
5524.04
5524.19
5524.34
5524.49
5524.64
5524.79
5524.94
5525.09
5525.24
5525.39
5525.54
5525.69
5525.84
5525.99
5526.14
5526.29
5526.45
5526.6
5526.75
5526.9
5527.05
5527.2
5527.35
5527.5
5527.65
5527.8
5527.95
5528.11
5528.26
5528.41
5528.56
5528.71
5528.86
5529.01
5529.17
5529.32
5529.47
5529.62
5529.77
5529.92
5530.08
5530.23
5530.38
5530.53
5530.68
5530.84
5530.99
5531.14
5531.29
5531.45
5531.6
5531.75
5531.9
5532.06
5532.21
5532.36
5532.51
5532.67
5532.82
5532.97
5533.13
5533.28
5533.43
5533.59
5533.74
5533.89
5534.05
5534.2
5534.35
5534.51
5534.66
5534.81
5534.97
5535.12
5535.27
5535.43
5535.58
5535.74
5535.89
5536.04
5536.2
5536.35
5536.51
5536.66
5536.81
5536.97
5537.12
5537.28
5537.43
5537.59
5537.74
5537.9
5538.05
5538.21
5538.36
5538.52
5538.67
5538.83
5538.98
5539.14
5539.29
5539.45
5539.6
5539.76
5539.91
5540.07
5540.22
5540.38
5540.53
5540.69
5540.84
5541
5541.16
5541.31
5541.47
5541.62
5541.78
5541.94
5542.09
5542.25
5542.4
5542.56
5542.72
5542.87
5543.03
5543.18
5543.34
5543.5
5543.65
5543.81
5543.97
5544.12
5544.28
5544.44
5544.59
5544.75
5544.91
5545.06
5545.22
5545.38
5545.54
5545.69
5545.85
5546.01
5546.16
5546.32
5546.48
5546.64
5546.79
5546.95
5547.11
5547.27
5547.42
5547.58
5547.74
5547.9
5548.05
5548.21
5548.37
5548.53
5548.68
5548.84
5549
5549.16
5549.32
5549.47
5549.63
5549.79
5549.95
5550.11
5550.27
5550.42
5550.58
5550.74
5550.9
5551.06
5551.22
5551.37
5551.53
5551.69
5551.85
5552.01
5552.17
5552.33
5552.48
5552.64
5552.8
5552.96
5553.12
5553.28
5553.44
5553.6
5553.76
5553.91
5554.07
5554.23
5554.39
5554.55
5554.71
5554.87
5555.03
5555.19
5555.35
5555.51
5555.67
5555.83
5555.98
5556.14
5556.3
5556.46
5556.62
5556.78
5556.94
5557.1
5557.26
5557.42
5557.58
5557.74
5557.9
5558.06
5558.22
5558.38
5558.54
5558.7
5558.86
5559.02
5559.18
5559.34
5559.5
5559.66
5559.82
5559.98
5560.14
5560.3
5560.46
5560.62
5560.78
5560.94
5561.1
5561.26
5561.42
5561.58
5561.74
5561.9
5562.06
5562.22
5562.38
5562.54
5562.7
5562.86
5563.02
5563.18
5563.34
5563.5
5563.67
5563.83
5563.99
5564.15
5564.31
5564.47
5564.63
5564.79
5564.95
5565.11
5565.27
5565.43
5565.59
5565.75
5565.91
5566.07
5566.23
5566.4
5566.56
5566.72
5566.88
5567.04
5567.2
5567.36
5567.52
5567.68
5567.84
5568
5568.16
5568.32
5568.48
5568.65
5568.81
5568.97
5569.13
5569.29
5569.45
5569.61
5569.77
5569.93
5570.09
5570.25
5570.41
5570.58
5570.74
5570.9
5571.06
5571.22
5571.38
5571.54
5571.7
5571.86
5572.02
5572.18
5572.35
5572.51
5572.67
5572.83
5572.99
5573.15
5573.31
5573.47
5573.63
5573.79
5573.95
5574.12
5574.28
5574.44
5574.6
5574.76
5574.92
5575.08
5575.24
5575.4
5575.56
5575.72
5575.88
5576.05
5576.21
5576.37
5576.53
5576.69
5576.85
5577.01
5577.17
5577.33
5577.49
5577.65
5577.81
5577.98
5578.14
5578.3
5578.46
5578.62
5578.78
5578.94
5579.1
5579.26
5579.42
5579.58
5579.74
5579.91
5580.07
5580.23
5580.39
5580.55
5580.71
5580.87
5581.03
5581.19
5581.35
5581.51
5581.67
5581.83
5581.99
5582.15
5582.32
5582.48
5582.64
5582.8
5582.96
5583.12
5583.28
5583.44
5583.6
5583.76
5583.92
5584.08
5584.24
5584.4
5584.56
5584.72
5584.88
5585.04
5585.2
5585.37
5585.53
5585.69
5585.85
5586.01
5586.17
5586.33
5586.49
5586.65
5586.81
5586.97
5587.13
5587.29
5587.45
5587.61
5587.77
5587.93
5588.09
5588.25
5588.41
5588.57
5588.73
5588.89
5589.05
5589.21
5589.37
5589.53
5589.69
5589.85
5590.01
5590.17
5590.33
5590.49
5590.65
5590.81
5590.97
5591.13
5591.29
5591.45
5591.61
5591.77
5591.93
5592.1
5592.26
5592.42
5592.58
5592.74
5592.9
5593.06
5593.22
5593.38
5593.53
5593.69
5593.85
5594.01
5594.17
5594.33
5594.49
5594.65
5594.81
5594.97
5595.13
5595.29
5595.45
5595.61
5595.77
5595.93
5596.09
5596.25
5596.41
5596.57
5596.73
5596.89
5597.05
5597.21
5597.37
5597.53
5597.69
5597.85
5598.01
5598.17
5598.33
5598.49
5598.65
5598.81
5598.97
5599.13
5599.29
5599.45
5599.61
5599.77
5599.93
5600.09
5600.25
5600.41
5600.57
5600.73
5600.89
5601.05
5601.21
5601.37
5601.53
5601.69
5601.85
5602.01
5602.17
5602.33
5602.49
5602.65
5602.81
5602.97
5603.13
5603.29
5603.45
5603.61
5603.77
5603.93
5604.09
5604.25
5604.41
5604.57
5604.73
5604.89
5605.05
5605.21
5605.37
5605.53
5605.69
5605.85
5606.01
5606.17
5606.33
5606.49
5606.65
5606.81
5606.97
5607.13
5607.29
5607.45
5607.61
5607.77
5607.93
5608.09
5608.25
5608.41
5608.57
5608.73
5608.89
5609.05
5609.22
5609.38
5609.54
5609.7
5609.86
5610.02
5610.18
5610.34
5610.5
5610.66
5610.82
5610.98
5611.14
5611.31
5611.47
5611.63
5611.79
5611.95
5612.11
5612.27
5612.43
5612.6
5612.76
5612.92
5613.08
5613.24
5613.4
5613.56
5613.73
5613.89
5614.05
5614.21
5614.37
5614.53
5614.7
5614.86
5615.02
5615.18
5615.34
5615.51
5615.67
5615.83
5615.99
5616.16
5616.32
5616.48
5616.64
5616.81
5616.97
5617.13
5617.29
5617.46
5617.62
5617.78
5617.95
5618.11
5618.27
5618.43
5618.6
5618.76
5618.92
5619.09
5619.25
5619.42
5619.58
5619.74
5619.91
5620.07
5620.23
5620.4
5620.56
5620.73
5620.89
5621.06
5621.22
5621.39
5621.55
5621.71
5621.88
5622.04
5622.21
5622.37
5622.54
5622.71
5622.87
5623.04
5623.2
5623.37
5623.53
5623.7
5623.87
5624.03
5624.2
5624.36
5624.53
5624.7
5624.86
5625.03
5625.2
5625.36
5625.53
5625.7
5625.87
5626.03
5626.2
5626.37
5626.54
5626.7
5626.87
5627.04
5627.21
5627.38
5627.54
5627.71
5627.88
5628.05
5628.22
5628.39
5628.56
5628.73
5628.9
5629.07
5629.24
5629.41
5629.58
5629.75
5629.92
5630.09
5630.26
5630.43
5630.6
5630.77
5630.94
5631.11
5631.28
5631.46
5631.63
5631.8
5631.97
5632.14
5632.32
5632.49
5632.66
5632.84
5633.01
5633.18
5633.36
5633.53
5633.7
5633.88
5634.05
5634.23
5634.4
5634.57
5634.75
5634.92
5635.1
5635.27
5635.45
5635.63
5635.8
5635.98
5636.15
5636.33
5636.51
5636.68
5636.86
5637.04
5637.22
5637.39
5637.57
5637.75
5637.93
5638.11
5638.29
5638.46
5638.64
5638.82
5639
5639.18
5639.36
5639.54
5639.72
5639.9
5640.09
5640.27
5640.45
5640.63
5640.81
5640.99
5641.18
5641.36
5641.54
5641.72
5641.91
5642.09
5642.27
5642.46
5642.64
5642.83
5643.01
5643.2
5643.38
5643.57
5643.75
5643.94
5644.13
5644.31
5644.5
5644.69
5644.87
5645.06
5645.25
5645.44
5645.63
5645.81
5646
5646.19
5646.38
5646.57
5646.76
5646.95
5647.14
5647.33
5647.53
5647.72
5647.91
5648.1
5648.29
5648.49
5648.68
5648.87
5649.07
5649.26
5649.45
5649.65
5649.84
5650.04
5650.23
5650.43
5650.63
5650.82
5651.02
5651.22
5651.41
5651.61
5651.81
5652.01
5652.21
5652.41
5652.61
5652.81
5653.01
5653.21
5653.41
5653.61
5653.81
5654.01
5654.21
5654.42
5654.62
5654.82
5655.02
5655.23
5655.43
5655.64
5655.84
5656.05
5656.25
5656.46
5656.67
5656.87
5657.08
5657.29
5657.49
5657.7
5657.91
5658.12
5658.33
5658.54
5658.75
5658.96
5659.17
5659.38
5659.59
5659.81
5660.02
5660.23
5660.44
5660.66
5660.87
5661.09
5661.3
5661.52
5661.73
5661.95
5662.16
5662.38
5662.6
5662.81
5663.03
5663.25
5663.47
5663.69
5663.91
5664.13
5664.35
5664.57
5664.79
5665.01
5665.23
5665.46
5665.68
5665.9
5666.13
5666.35
5666.57
5666.8
5667.02
5667.25
5667.48
5667.7
5667.93
5668.16
5668.38
5668.61
5668.84
5669.07
5669.3
5669.53
5669.76
5669.99
5670.22
5670.45
5670.68
5670.92
5671.15
5671.38
5671.62
5671.85
5672.08
5672.32
5672.55
5672.79
5673.03
5673.26
5673.5
5673.74
5673.98
5674.21
5674.45
5674.69
5674.93
5675.17
5675.41
5675.65
5675.89
5676.13
5676.38
5676.62
5676.86
5677.1
5677.35
5677.59
5677.83
5678.08
5678.32
5678.57
5678.82
5679.06
5679.31
5679.56
5679.8
5680.05
5680.3
5680.55
5680.8
5681.05
5681.29
5681.54
5681.8
5682.05
5682.3
5682.55
5682.8
5683.05
5683.31
5683.56
5683.81
5684.07
5684.32
5684.57
5684.83
5685.08
5685.34
5685.59
5685.85
5686.11
5686.36
5686.62
5686.88
5687.14
5687.39
5687.65
5687.91
5688.17
5688.43
5688.69
5688.95
5689.21
5689.47
5689.73
5689.99
5690.25
5690.51
5690.78
5691.04
5691.3
5691.56
5691.82
5692.09
5692.35
5692.61
5692.88
5693.14
5693.41
5693.67
5693.94
5694.2
5694.47
5694.73
5695
5695.26
5695.53
5695.8
5696.06
5696.33
5696.6
5696.86
5697.13
5697.4
5697.66
5697.93
5698.2
5698.47
5698.73
5699
5699.27
5699.54
5699.81
5700.08
5700.35
5700.61
5700.88
5701.15
5701.42
5701.69
5701.96
5702.23
5702.5
5702.77
5703.04
5703.31
5703.58
5703.85
5704.12
5704.39
5704.66
5704.93
5705.2
5705.47
5705.74
5706.01
5706.28
5706.55
5706.82
5707.09
5707.36
5707.63
5707.9
5708.16
5708.43
5708.7
5708.97
5709.24
5709.51
5709.78
5710.05
5710.32
5710.59
5710.86
5711.13
5711.4
5711.67
5711.94
5712.2
5712.47
5712.74
5713.01
5713.28
