34870.5
30314.9
26169.6
23281.6
21414.4
20225.8
19469.8
18984.6
18666.6
18449.1
18288.7
18155.3
18026
17880.9
17699.6
17464.8
17173.5
16847.7
16514.4
16180.9
15841.9
15490
15119.8
14728.7
14317.1
13887.9
13445.7
12996.4
12546.6
12103.2
11672.4
11259.8
10869.5
10504.1
10164.5
9850.51
9561.21
9295.24
9051.03
8826.95
8621.38
8432.75
8259.61
8100.58
7954.39
7819.88
7695.98
7581.73
7476.26
7378.76
7288.53
7204.92
7127.4
7055.59
6989.51
6930.47
6883.71
6868.54
6947.13
7341.77
8588.94
12154.2
15785.1
16092.6
12354.6
11279
8890.86
7978.33
7334.69
7076.46
6872.16
6770.26
6672.9
6616.37
6556.85
6518.96
6476.67
6448.84
6416.19
6395.4
6369.35
6354.85
6334.28
6326.52
6311.13
6311.29
6301.04
6310.6
6304.9
6324.78
6321.48
6350.51
6344.83
6378.09
6362.92
6391.91
6360.95
6377.28
6329.56
6329.96
6271.18
6258.61
6197.25
6177.45
6120.08
6097.94
6047.66
6026.01
5983.25
5963.28
5927.21
5909.21
5878.64
5862.53
5836.33
5821.88
5799.11
5786.09
5766.03
5754.22
5736.3
5725.55
5709.35
5699.52
5684.72
5675.7
5662.05
5653.76
5641.08
5633.46
5621.58
5614.58
5603.39
5596.98
5586.37
5580.5
5570.4
5565.06
5555.38
5550.53
5541.21
5536.85
5527.81
5523.91
5515.11
5511.63
5503.01
5499.94
5491.45
5488.75
5480.33
5477.98
5469.59
5467.54
5459.15
5457.35
5448.92
5447.35
5438.86
5437.46
5428.9
5427.62
5418.99
5417.8
5409.11
5407.97
5399.22
5398.1
5389.33
5388.2
5379.44
5378.27
5369.56
5368.34
5359.71
5358.44
5349.92
5348.58
5340.21
5338.81
5330.61
5329.15
5321.15
5319.64
5311.86
5310.3
5302.75
5301.15
5293.84
5292.21
5285.14
5283.48
5276.66
5274.99
5268.41
5266.72
5260.39
5258.7
5252.6
5250.91
5245.03
5243.34
5237.68
5236.01
5230.56
5228.89
5223.64
5221.99
5216.92
5215.29
5210.41
5208.79
5204.07
5202.48
5197.92
5196.35
5191.94
5190.4
5186.13
5184.6
5180.46
5178.96
5174.95
5173.47
5169.58
5168.13
5164.34
5162.91
5159.23
5157.82
5154.24
5152.85
5149.37
5148
5144.6
5143.25
5139.93
5138.6
5135.37
5134.05
5130.9
5129.6
5126.51
5125.23
5122.21
5120.94
5117.99
5116.73
5113.84
5112.6
5109.77
5108.54
5105.76
5104.54
5101.82
5100.61
5097.94
5096.74
5094.12
5092.93
5090.36
5089.17
5086.65
5085.47
5082.99
5081.81
5079.38
5078.21
5075.81
5074.64
5072.29
5071.13
5068.82
5067.65
5065.38
5064.22
5061.98
5060.83
5058.62
5057.47
5055.3
5054.15
5052.02
5050.86
5048.76
5047.61
5045.54
5044.39
5042.36
5041.21
5039.2
5038.05
5036.07
5034.93
5032.98
5031.83
5029.91
5028.76
5026.87
5025.73
5023.86
5022.72
5020.88
5019.73
5017.92
5016.78
5014.99
5013.85
5012.09
5010.94
5009.21
5008.07
5006.36
5005.21
5003.53
5002.39
5000.73
4999.59
4997.95
4996.81
4995.19
4994.05
4992.46
4991.32
4989.75
4988.62
4987.07
4985.94
4984.41
4983.28
4981.78
4980.64
4979.16
4978.03
4976.57
4975.44
4974.01
4972.88
4971.46
4970.34
4968.94
4967.82
4966.45
4965.33
4963.97
4962.86
4961.53
4960.41
4959.1
4957.99
4956.7
4955.59
4954.32
4953.22
4951.96
4950.87
4949.63
4948.55
4947.33
4946.24
4945.04
4943.97
4942.78
4941.71
4940.54
4939.48
4938.33
4937.27
4936.14
4935.09
4933.97
4932.93
4931.83
4930.79
4929.7
4928.68
4927.6
4926.58
4925.52
4924.51
4923.47
4922.46
4921.43
4920.44
4919.41
4918.43
4917.42
4916.44
4915.45
4914.48
4913.49
4912.53
4911.55
4910.6
4909.64
4908.69
4907.74
4906.8
4905.86
4904.93
4903.99
4903.07
4902.15
4901.23
4900.32
4899.41
4898.5
4897.61
4896.71
4895.81
4894.92
4894.04
4893.15
4892.27
4891.4
4890.53
4889.66
4888.79
4887.93
4887.07
4886.21
4885.36
4884.51
4883.66
4882.82
4881.98
4881.14
4880.3
4879.47
4878.64
4877.81
4876.99
4876.16
4875.34
4874.52
4873.71
4872.9
4872.09
4871.28
4870.47
4869.67
4868.87
4868.07
4867.27
4866.47
4865.68
4864.89
4864.1
4863.31
4862.53
4861.74
4860.96
4860.18
4859.4
4858.63
4857.85
4857.08
4856.31
4855.54
4854.77
4854.01
4853.24
4852.48
4851.72
4850.96
4850.2
4849.45
4848.69
4847.94
4847.19
4846.44
4845.69
4844.94
4844.19
4843.45
4842.71
4841.97
4841.23
4840.49
4839.75
4839.01
4838.28
4837.55
4836.81
4836.08
4835.35
4834.62
4833.9
4833.17
4832.45
4831.73
4831
4830.28
4829.56
4828.85
4828.13
4827.41
4826.7
4825.98
4825.27
4824.56
4823.85
4823.14
4822.43
4821.73
4821.02
4820.32
4819.62
4818.91
4818.21
4817.51
4816.81
4816.11
4815.42
4814.72
4814.03
4813.33
4812.64
4811.95
4811.26
4810.56
4809.88
4809.19
4808.5
4807.81
4807.13
4806.44
4805.76
4805.07
4804.39
4803.71
4803.03
4802.35
4801.67
4800.99
4800.32
4799.64
4798.96
4798.29
4797.61
4796.94
4796.27
4795.59
4794.92
4794.25
4793.58
4792.91
4792.24
4791.58
4790.91
4790.24
4789.58
4788.91
4788.25
4787.58
4786.92
4786.26
4785.6
4784.94
4784.28
4783.62
4782.96
4782.3
4781.64
4780.99
4780.33
4779.68
4779.02
4778.37
4777.72
4777.07
4776.42
4775.77
4775.12
4774.47
4773.82
4773.18
4772.53
4771.89
4771.24
4770.6
4769.96
4769.32
4768.68
4768.04
4767.41
4766.77
4766.14
4765.5
4764.87
4764.24
4763.61
4762.98
4762.35
4761.73
4761.1
4760.48
4759.85
4759.23
4758.61
4758
4757.38
4756.76
4756.15
4755.54
4754.92
4754.32
4753.71
4753.1
4752.5
4751.89
4751.29
4750.69
4750.09
4749.49
4748.9
4748.3
4747.71
4747.12
4746.53
4745.94
4745.36
4744.77
4744.19
4743.61
4743.03
4742.46
4741.88
4741.31
4740.74
4740.17
4739.6
4739.03
4738.47
4737.9
4737.34
4736.78
4736.23
4735.67
4735.12
4734.57
4734.02
4733.47
4732.92
4732.38
4731.83
4731.29
4730.75
4730.21
4729.68
4729.15
4728.61
4728.08
4727.55
4727.03
4726.5
4725.98
4725.46
4724.94
4724.42
4723.91
4723.39
4722.88
4722.37
4721.86
4721.35
4720.85
4720.35
4719.84
4719.34
4718.85
4718.35
4717.85
4717.36
4716.87
4716.38
4715.89
4715.41
4714.92
4714.44
4713.96
4713.48
4713
4712.52
4712.05
4711.57
4711.1
4710.63
4710.17
4709.7
4709.23
4708.77
4708.31
4707.85
4707.39
4706.93
4706.48
4706.02
4705.57
4705.12
4704.67
4704.22
4703.77
4703.33
4702.88
4702.44
4702
4701.56
4701.12
4700.69
4700.25
4699.82
4699.39
4698.95
4698.52
4698.1
4697.67
4697.24
4696.82
4696.4
4695.98
4695.56
4695.14
4694.72
4694.3
4693.89
4693.47
4693.06
4692.65
4692.24
4691.83
4691.42
4691.02
4690.61
4690.21
4689.81
4689.41
4689.01
4688.61
4688.21
4687.81
4687.42
4687.02
4686.63
4686.24
4685.85
4685.46
4685.07
4684.68
4684.29
4683.91
4683.52
4683.14
4682.76
4682.38
4682
4681.62
4681.24
4680.86
4680.49
4680.11
4679.74
4679.36
4678.99
4678.62
4678.25
4677.88
4677.51
4677.15
4676.78
4676.42
4676.05
4675.69
4675.33
4674.97
4674.61
4674.25
4673.89
4673.53
4673.17
4672.82
4672.46
4672.11
4671.75
4671.4
4671.05
4670.7
4670.35
4670
4669.65
4669.31
4668.96
4668.61
4668.27
4667.92
4667.58
4667.24
4666.9
4666.56
4666.22
4665.88
4665.54
4665.2
4664.86
4664.53
4664.19
4663.86
4663.52
4663.19
4662.86
4662.52
4662.19
4661.86
4661.53
4661.2
4660.88
4660.55
4660.22
4659.9
4659.57
4659.25
4658.92
4658.6
4658.28
4657.95
4657.63
4657.31
4656.99
4656.67
4656.35
4656.04
4655.72
4655.4
4655.09
4654.77
4654.45
4654.14
4653.83
4653.51
4653.2
4652.89
4652.58
4652.27
4651.96
4651.65
4651.34
4651.03
4650.72
4650.42
4650.11
4649.8
4649.5
4649.19
4648.89
4648.58
4648.28
4647.98
4647.68
4647.38
4647.07
4646.77
4646.47
4646.17
4645.88
4645.58
4645.28
4644.98
4644.69
4644.39
4644.09
4643.8
4643.5
4643.21
4642.92
4642.62
4642.33
4642.04
4641.75
4641.46
4641.16
4640.87
4640.59
4640.3
4640.01
4639.72
4639.43
4639.14
4638.86
4638.57
4638.28
4638
4637.71
4637.43
4637.15
4636.86
4636.58
4636.3
4636.01
4635.73
4635.45
4635.17
4634.89
4634.61
4634.33
4634.05
4633.77
4633.49
4633.21
4632.94
4632.66
4632.38
4632.11
4631.83
4631.55
4631.28
4631.01
4630.73
4630.46
4630.18
4629.91
4629.64
4629.37
4629.09
4628.82
4628.55
4628.28
4628.01
4627.74
4627.47
4627.2
4626.93
4626.67
4626.4
4626.13
4625.86
4625.6
4625.33
4625.06
4624.8
4624.53
4624.27
4624
4623.74
4623.47
4623.21
4622.95
4622.69
4622.42
4622.16
4621.9
4621.64
4621.38
4621.12
4620.86
4620.6
4620.34
4620.08
4619.82
4619.56
4619.3
4619.04
4618.79
4618.53
4618.27
4618.02
4617.76
4617.5
4617.25
4616.99
4616.74
4616.48
4616.23
4615.98
4615.72
4615.47
4615.22
4614.96
4614.71
4614.46
4614.21
4613.96
4613.71
4613.46
4613.21
4612.96
4612.71
4612.46
4612.21
4611.96
4611.71
4611.46
4611.21
4610.97
4610.72
4610.47
4610.23
4609.98
4609.73
4609.49
4609.24
4609
4608.75
4608.51
4608.27
4608.02
4607.78
4607.54
4607.29
4607.05
4606.81
4606.57
4606.32
4606.08
4605.84
4605.6
4605.36
4605.12
4604.88
4604.64
4604.4
4604.16
4603.92
4603.68
4603.45
4603.21
4602.97
4602.73
4602.5
4602.26
4602.02
4601.79
4601.55
4601.31
4601.08
4600.84
4600.61
4600.37
4600.14
4599.91
4599.67
4599.44
4599.21
4598.97
4598.74
4598.51
4598.28
4598.04
4597.81
4597.58
4597.35
4597.12
4596.89
4596.66
4596.43
4596.2
4595.97
4595.74
4595.51
4595.28
4595.06
4594.83
4594.6
4594.37
4594.14
4593.92
4593.69
4593.46
4593.24
4593.01
4592.79
4592.56
4592.34
4592.11
4591.89
4591.66
4591.44
4591.21
4590.99
4590.77
4590.54
4590.32
4590.1
4589.88
4589.65
4589.43
4589.21
4588.99
4588.77
4588.55
4588.33
4588.1
4587.88
4587.66
4587.45
4587.23
4587.01
4586.79
4586.57
4586.35
4586.13
4585.91
4585.7
4585.48
4585.26
4585.05
4584.83
4584.61
4584.4
4584.18
4583.96
4583.75
4583.53
4583.32
4583.1
4582.89
4582.67
4582.46
4582.25
4582.03
4581.82
4581.61
4581.39
4581.18
4580.97
4580.76
4580.54
4580.33
4580.12
4579.91
4579.7
4579.49
4579.28
4579.07
4578.86
4578.65
4578.44
4578.23
4578.02
4577.81
4577.6
4577.39
4577.18
4576.98
4576.77
4576.56
4576.35
4576.15
4575.94
4575.73
4575.53
4575.32
4575.11
4574.91
4574.7
4574.5
4574.29
4574.09
4573.88
4573.68
4573.47
4573.27
4573.07
4572.86
4572.66
4572.46
4572.25
4572.05
4571.85
4571.65
4571.44
4571.24
4571.04
4570.84
4570.64
4570.44
4570.24
4570.03
4569.83
4569.63
4569.43
4569.23
4569.04
4568.84
4568.64
4568.44
4568.24
4568.04
4567.84
4567.65
4567.45
4567.25
4567.05
4566.86
4566.66
4566.46
4566.27
4566.07
4565.87
4565.68
4565.48
4565.29
4565.09
4564.9
4564.7
4564.51
4564.31
4564.12
4563.92
4563.73
4563.54
4563.34
4563.15
4562.96
4562.76
4562.57
4562.38
4562.19
4562
4561.8
4561.61
4561.42
4561.23
4561.04
4560.85
4560.66
4560.47
4560.28
4560.09
4559.9
4559.71
4559.52
4559.33
4559.14
4558.95
4558.76
4558.58
4558.39
4558.2
4558.01
4557.83
4557.64
4557.45
4557.26
4557.08
4556.89
4556.7
4556.52
4556.33
4556.15
4555.96
4555.78
4555.59
4555.41
4555.22
4555.04
4554.85
4554.67
4554.48
4554.3
4554.12
4553.93
4553.75
4553.57
4553.39
4553.2
4553.02
4552.84
4552.66
4552.47
4552.29
4552.11
4551.93
4551.75
4551.57
4551.39
4551.21
4551.03
4550.85
4550.67
4550.49
4550.31
4550.13
4549.95
4549.77
4549.59
4549.41
4549.23
4549.06
4548.88
4548.7
4548.52
4548.35
4548.17
4547.99
4547.81
4547.64
4547.46
4547.29
4547.11
4546.93
4546.76
4546.58
4546.41
4546.23
4546.06
4545.88
4545.71
4545.53
4545.36
4545.18
4545.01
4544.84
4544.66
4544.49
4544.32
4544.14
4543.97
4543.8
4543.63
4543.45
4543.28
4543.11
4542.94
4542.77
4542.59
4542.42
4542.25
4542.08
4541.91
4541.74
4541.57
4541.4
4541.23
4541.06
4540.89
4540.72
4540.55
4540.38
4540.21
4540.05
4539.88
4539.71
4539.54
4539.37
4539.2
4539.04
4538.87
4538.7
4538.54
4538.37
4538.2
4538.04
4537.87
4537.7
4537.54
4537.37
4537.2
4537.04
4536.87
4536.71
4536.54
4536.38
4536.21
4536.05
4535.89
4535.72
4535.56
4535.39
4535.23
4535.07
4534.9
4534.74
4534.58
4534.41
4534.25
4534.09
4533.93
4533.77
4533.6
4533.44
4533.28
4533.12
4532.96
4532.8
4532.64
4532.48
4532.31
4532.15
4531.99
4531.83
4531.67
4531.51
4531.35
4531.2
4531.04
4530.88
4530.72
4530.56
4530.4
4530.24
4530.08
4529.93
4529.77
4529.61
4529.45
4529.3
4529.14
4528.98
4528.82
4528.67
4528.51
4528.35
4528.2
4528.04
4527.89
4527.73
4527.58
4527.42
4527.26
4527.11
4526.95
4526.8
4526.65
4526.49
4526.34
4526.18
4526.03
4525.87
4525.72
4525.57
4525.41
4525.26
4525.11
4524.95
4524.8
4524.65
4524.5
4524.34
4524.19
4524.04
4523.89
4523.74
4523.59
4523.43
4523.28
4523.13
4522.98
4522.83
4522.68
4522.53
4522.38
4522.23
4522.08
4521.93
4521.78
4521.63
4521.48
4521.33
4521.18
4521.04
4520.89
4520.74
4520.59
4520.44
4520.29
4520.15
4520
4519.85
4519.7
4519.56
4519.41
4519.26
4519.11
4518.97
4518.82
4518.68
4518.53
4518.38
4518.24
4518.09
4517.95
4517.8
4517.65
4517.51
4517.36
4517.22
4517.07
4516.93
4516.79
4516.64
4516.5
4516.35
4516.21
4516.07
4515.92
4515.78
4515.64
4515.49
4515.35
4515.21
4515.06
4514.92
4514.78
4514.64
4514.49
4514.35
4514.21
4514.07
4513.93
4513.79
4513.65
4513.5
4513.36
4513.22
4513.08
4512.94
4512.8
4512.66
4512.52
4512.38
4512.24
4512.1
4511.96
4511.82
4511.68
4511.54
4511.4
4511.27
4511.13
4510.99
4510.85
4510.71
4510.57
4510.44
4510.3
4510.16
4510.02
4509.88
4509.75
4509.61
4509.47
4509.34
4509.2
4509.06
4508.93
4508.79
4508.65
4508.52
4508.38
4508.25
4508.11
4507.97
4507.84
4507.7
4507.57
4507.43
4507.3
4507.16
4507.03
4506.89
4506.76
4506.63
4506.49
4506.36
4506.22
4506.09
4505.96
4505.82
4505.69
4505.56
4505.42
4505.29
4505.16
4505.02
4504.89
4504.76
4504.63
4504.5
4504.36
4504.23
4504.1
4503.97
4503.84
4503.71
4503.57
4503.44
4503.31
4503.18
4503.05
4502.92
4502.79
4502.66
4502.53
4502.4
4502.27
4502.14
4502.01
4501.88
4501.75
4501.62
4501.49
4501.36
4501.23
4501.1
4500.97
4500.85
4500.72
4500.59
4500.46
4500.33
4500.2
4500.08
4499.95
4499.82
4499.69
4499.57
4499.44
4499.31
4499.18
4499.06
4498.93
4498.8
4498.68
4498.55
4498.43
4498.3
4498.17
4498.05
4497.92
4497.8
4497.67
4497.54
4497.42
4497.29
4497.17
4497.04
4496.92
4496.79
4496.67
4496.54
4496.42
4496.29
4496.17
4496.05
4495.92
4495.8
4495.67
4495.55
4495.43
4495.3
4495.18
4495.06
4494.93
4494.81
4494.69
4494.57
4494.44
4494.32
4494.2
4494.08
4493.95
4493.83
4493.71
4493.59
4493.47
4493.34
4493.22
4493.1
4492.98
4492.86
4492.74
4492.62
4492.5
4492.37
4492.25
4492.13
4492.01
4491.89
4491.77
4491.65
4491.53
4491.41
4491.29
4491.17
4491.05
4490.93
4490.81
4490.7
4490.58
4490.46
4490.34
4490.22
4490.1
4489.98
4489.86
4489.74
4489.63
4489.51
4489.39
4489.27
4489.15
4489.04
4488.92
4488.8
4488.68
4488.57
4488.45
4488.33
4488.21
4488.1
4487.98
4487.86
4487.75
4487.63
4487.51
4487.4
4487.28
4487.16
4487.05
4486.93
4486.82
4486.7
4486.59
4486.47
4486.35
4486.24
4486.12
4486.01
4485.89
4485.78
4485.66
4485.55
4485.43
4485.32
4485.2
4485.09
4484.98
4484.86
4484.75
4484.63
4484.52
4484.41
4484.29
4484.18
4484.06
4483.95
4483.84
4483.72
4483.61
4483.5
4483.38
4483.27
4483.16
4483.05
4482.93
4482.82
4482.71
4482.6
4482.48
4482.37
4482.26
4482.15
4482.04
4481.92
4481.81
4481.7
4481.59
4481.48
4481.37
4481.25
4481.14
4481.03
4480.92
4480.81
4480.7
4480.59
4480.48
4480.37
4480.26
4480.15
4480.04
4479.93
4479.82
4479.71
4479.6
4479.49
4479.38
4479.27
4479.16
4479.05
4478.94
4478.83
4478.72
4478.61
4478.5
4478.39
4478.28
4478.17
4478.07
4477.96
4477.85
4477.74
4477.63
4477.52
4477.41
4477.31
4477.2
4477.09
4476.98
4476.87
4476.77
4476.66
4476.55
4476.44
4476.34
4476.23
4476.12
4476.01
4475.91
4475.8
4475.69
4475.59
4475.48
4475.37
4475.27
4475.16
4475.05
4474.95
4474.84
4474.73
4474.63
4474.52
4474.42
4474.31
4474.2
4474.1
4473.99
4473.89
4473.78
4473.68
4473.57
4473.47
4473.36
4473.26
4473.15
4473.04
4472.94
4472.84
4472.73
4472.63
4472.52
4472.42
4472.31
4472.21
4472.1
4472
4471.89
4471.79
4471.69
4471.58
4471.48
4471.37
4471.27
4471.17
4471.06
4470.96
4470.86
4470.75
4470.65
4470.55
4470.44
4470.34
4470.24
4470.13
4470.03
4469.93
4469.83
4469.72
4469.62
4469.52
4469.41
4469.31
4469.21
4469.11
4469.01
4468.9
4468.8
4468.7
4468.6
4468.5
4468.39
4468.29
4468.19
4468.09
4467.99
4467.89
4467.78
4467.68
4467.58
4467.48
4467.38
4467.28
4467.18
4467.08
4466.97
4466.87
4466.77
4466.67
4466.57
4466.47
4466.37
4466.27
4466.17
4466.07
4465.97
4465.87
4465.77
4465.67
4465.57
4465.47
4465.37
4465.27
4465.17
4465.07
4464.97
4464.87
4464.77
4464.67
4464.57
4464.47
4464.37
4464.27
4464.17
4464.08
4463.98
4463.88
4463.78
4463.68
4463.58
4463.48
4463.38
4463.28
4463.19
4463.09
4462.99
4462.89
4462.79
4462.69
4462.59
4462.5
4462.4
4462.3
4462.2
4462.1
4462.01
4461.91
4461.81
4461.71
4461.61
4461.52
4461.42
4461.32
4461.22
4461.13
4461.03
4460.93
4460.83
4460.74
4460.64
4460.54
4460.45
4460.35
4460.25
4460.16
4460.06
4459.96
4459.86
4459.77
4459.67
4459.57
4459.48
4459.38
4459.28
4459.19
4459.09
4459
4458.9
4458.8
4458.71
4458.61
4458.51
4458.42
4458.32
4458.23
4458.13
4458.03
4457.94
4457.84
4457.75
4457.65
4457.56
4457.46
4457.36
4457.27
4457.17
4457.08
4456.98
4456.89
4456.79
4456.7
4456.6
4456.51
4456.41
4456.32
4456.22
4456.13
4456.03
4455.94
4455.84
4455.75
4455.65
4455.56
4455.46
4455.37
4455.27
4455.18
4455.08
4454.99
4454.89
4454.8
4454.71
4454.61
4454.52
4454.42
4454.33
4454.23
4454.14
4454.05
4453.95
4453.86
4453.76
4453.67
4453.58
4453.48
4453.39
4453.29
4453.2
4453.11
4453.01
4452.92
4452.83
4452.73
4452.64
4452.55
4452.45
4452.36
4452.26
4452.17
4452.08
4451.98
4451.89
4451.8
4451.7
4451.61
4451.52
4451.43
4451.33
4451.24
4451.15
4451.05
4450.96
4450.87
4450.77
4450.68
4450.59
4450.5
4450.4
4450.31
4450.22
4450.12
4450.03
4449.94
4449.85
4449.75
4449.66
4449.57
4449.48
4449.38
4449.29
4449.2
4449.11
4449.01
4448.92
4448.83
4448.74
4448.64
4448.55
4448.46
4448.37
4448.27
4448.18
4448.09
4448
4447.91
4447.81
4447.72
4447.63
4447.54
4447.45
4447.35
4447.26
4447.17
4447.08
4446.99
4446.89
4446.8
4446.71
4446.62
4446.53
4446.43
4446.34
4446.25
4446.16
4446.07
4445.98
4445.88
4445.79
4445.7
4445.61
4445.52
4445.43
4445.33
4445.24
4445.15
4445.06
4444.97
4444.88
4444.78
4444.69
4444.6
4444.51
4444.42
4444.33
4444.24
4444.14
4444.05
4443.96
4443.87
4443.78
4443.69
4443.6
4443.5
4443.41
4443.32
4443.23
4443.14
4443.05
4442.96
4442.87
4442.77
4442.68
4442.59
4442.5
4442.41
4442.32
4442.23
4442.14
4442.04
4441.95
4441.86
4441.77
4441.68
4441.59
4441.5
4441.41
4441.31
4441.22
4441.13
4441.04
4440.95
4440.86
4440.77
4440.68
4440.59
4440.49
4440.4
4440.31
4440.22
4440.13
4440.04
4439.95
4439.86
4439.77
4439.67
4439.58
4439.49
4439.4
4439.31
4439.22
4439.13
4439.04
4438.95
4438.85
4438.76
4438.67
4438.58
4438.49
4438.4
4438.31
4438.22
4438.13
4438.03
4437.94
4437.85
4437.76
4437.67
4437.58
4437.49
4437.4
4437.31
4437.22
4437.12
4437.03
4436.94
4436.85
4436.76
4436.67
4436.58
4436.49
4436.4
4436.3
4436.21
4436.12
4436.03
4435.94
4435.85
4435.76
4435.67
4435.58
4435.49
4435.39
4435.3
4435.21
4435.12
4435.03
4434.94
4434.85
4434.76
4434.67
4434.57
4434.48
4434.39
4434.3
4434.21
4434.12
4434.03
4433.94
4433.85
4433.76
4433.66
4433.57
4433.48
4433.39
4433.3
4433.21
4433.12
4433.03
4432.94
4432.85
4432.76
4432.66
4432.57
4432.48
4432.39
4432.3
4432.21
4432.12
4432.03
4431.94
4431.85
4431.76
4431.66
4431.57
4431.48
4431.39
4431.3
4431.21
4431.12
4431.03
4430.94
4430.85
4430.76
4430.67
4430.58
4430.48
4430.39
4430.3
4430.21
4430.12
4430.03
4429.94
4429.85
4429.76
4429.67
4429.58
4429.49
4429.4
4429.31
4429.22
4429.13
4429.04
4428.95
4428.86
4428.77
4428.68
4428.59
4428.5
4428.41
4428.32
4428.23
4428.14
4428.05
4427.96
4427.87
4427.78
4427.69
4427.6
4427.51
4427.42
4427.33
4427.24
4427.15
4427.06
4426.97
4426.88
4426.79
4426.7
4426.61
4426.52
4426.43
4426.34
4426.25
4426.16
4426.07
4425.98
4425.89
4425.81
4425.72
4425.63
4425.54
4425.45
4425.36
4425.27
4425.18
4425.09
4425.01
4424.92
4424.83
4424.74
4424.65
4424.56
4424.47
4424.39
4424.3
4424.21
4424.12
4424.03
4423.94
4423.86
4423.77
4423.68
4423.59
4423.5
4423.42
4423.33
4423.24
4423.15
4423.07
4422.98
4422.89
4422.8
4422.72
4422.63
4422.54
4422.45
4422.37
4422.28
4422.19
4422.11
4422.02
4421.93
4421.85
4421.76
4421.67
4421.59
4421.5
4421.41
4421.33
4421.24
4421.15
4421.07
4420.98
4420.9
4420.81
4420.72
4420.64
4420.55
4420.47
4420.38
4420.29
4420.21
4420.12
4420.04
4419.95
4419.87
4419.78
4419.7
4419.61
4419.53
4419.44
4419.36
4419.27
4419.19
4419.1
4419.02
4418.93
4418.85
4418.77
4418.68
4418.6
4418.51
4418.43
4418.35
4418.26
4418.18
4418.09
4418.01
4417.93
4417.84
4417.76
4417.68
4417.59
4417.51
4417.43
4417.34
4417.26
4417.18
4417.09
4417.01
4416.93
4416.85
4416.76
4416.68
4416.6
4416.52
4416.43
4416.35
4416.27
4416.19
4416.11
4416.02
4415.94
4415.86
4415.78
4415.7
4415.62
4415.54
4415.45
4415.37
4415.29
4415.21
4415.13
4415.05
4414.97
4414.89
4414.81
4414.73
4414.64
4414.56
4414.48
4414.4
4414.32
4414.24
4414.16
4414.08
4414
4413.92
4413.84
4413.76
4413.68
4413.6
4413.52
4413.44
4413.37
4413.29
4413.21
4413.13
4413.05
4412.97
4412.89
4412.81
4412.73
4412.65
4412.58
4412.5
4412.42
4412.34
4412.26
4412.18
4412.11
4412.03
4411.95
4411.87
4411.79
4411.72
4411.64
4411.56
4411.48
4411.4
4411.33
4411.25
4411.17
4411.1
4411.02
4410.94
4410.86
4410.79
4410.71
4410.63
4410.56
4410.48
4410.4
4410.33
4410.25
4410.17
4410.1
4410.02
4409.95
4409.87
4409.79
4409.72
4409.64
4409.57
4409.49
4409.41
4409.34
4409.26
4409.19
4409.11
4409.04
4408.96
4408.89
4408.81
4408.74
4408.66
4408.59
4408.51
4408.44
4408.36
4408.29
4408.21
4408.14
4408.06
4407.99
4407.91
4407.84
4407.77
4407.69
4407.62
4407.54
4407.47
4407.4
4407.32
4407.25
4407.17
4407.1
4407.03
4406.95
4406.88
4406.81
4406.73
4406.66
4406.59
4406.51
4406.44
4406.37
4406.3
4406.22
4406.15
4406.08
4406.01
4405.93
4405.86
4405.79
4405.72
4405.64
4405.57
4405.5
4405.43
4405.35
4405.28
4405.21
4405.14
4405.07
4404.99
4404.92
4404.85
4404.78
4404.71
4404.64
4404.57
4404.49
4404.42
4404.35
4404.28
4404.21
4404.14
4404.07
4404
4403.93
4403.86
4403.78
4403.71
4403.64
4403.57
4403.5
4403.43
4403.36
4403.29
4403.22
4403.15
4403.08
4403.01
4402.94
4402.87
4402.8
4402.73
4402.66
4402.59
4402.52
4402.45
4402.38
4402.31
4402.24
4402.17
4402.1
4402.03
4401.97
4401.9
4401.83
4401.76
4401.69
4401.62
4401.55
4401.48
4401.41
4401.35
4401.28
4401.21
4401.14
4401.07
4401
4400.93
4400.87
4400.8
4400.73
4400.66
4400.59
4400.52
4400.46
4400.39
4400.32
4400.25
4400.19
4400.12
4400.05
4399.98
4399.91
4399.85
4399.78
4399.71
4399.64
4399.58
4399.51
4399.44
4399.38
4399.31
4399.24
4399.17
4399.11
4399.04
4398.97
4398.91
4398.84
4398.77
4398.71
4398.64
4398.57
4398.51
4398.44
4398.37
4398.31
4398.24
4398.17
4398.11
4398.04
4397.98
4397.91
4397.84
4397.78
4397.71
4397.65
4397.58
4397.52
4397.45
4397.38
4397.32
4397.25
4397.19
4397.12
4397.06
4396.99
4396.93
4396.86
4396.8
4396.73
4396.66
4396.6
4396.53
4396.47
4396.4
4396.34
4396.27
4396.21
4396.15
4396.08
4396.02
4395.95
4395.89
4395.82
4395.76
4395.69
4395.63
4395.56
4395.5
4395.44
4395.37
4395.31
4395.24
4395.18
4395.12
4395.05
4394.99
4394.92
4394.86
4394.8
4394.73
4394.67
4394.61
4394.54
4394.48
4394.42
4394.35
4394.29
4394.23
4394.16
4394.1
4394.04
4393.97
4393.91
4393.85
4393.78
4393.72
4393.66
4393.59
4393.53
4393.47
4393.41
4393.34
4393.28
4393.22
4393.16
4393.09
4393.03
4392.97
4392.91
4392.84
4392.78
4392.72
4392.66
4392.59
4392.53
4392.47
4392.41
4392.35
4392.28
4392.22
4392.16
4392.1
4392.04
4391.97
4391.91
4391.85
4391.79
4391.73
4391.67
4391.61
4391.54
4391.48
4391.42
4391.36
4391.3
4391.24
4391.18
4391.11
4391.05
4390.99
4390.93
4390.87
4390.81
4390.75
4390.69
4390.63
4390.57
4390.51
4390.45
4390.38
4390.32
4390.26
4390.2
4390.14
4390.08
4390.02
4389.96
4389.9
4389.84
4389.78
4389.72
4389.66
4389.6
4389.54
4389.48
4389.42
4389.36
4389.3
4389.24
4389.18
4389.12
4389.06
4389
4388.94
4388.88
4388.82
4388.76
4388.7
4388.64
4388.58
4388.53
4388.47
4388.41
4388.35
4388.29
4388.23
4388.17
4388.11
4388.05
4387.99
4387.93
4387.87
4387.82
4387.76
4387.7
4387.64
4387.58
4387.52
4387.46
4387.4
4387.35
4387.29
4387.23
4387.17
4387.11
4387.05
4387
4386.94
4386.88
4386.82
4386.76
4386.7
4386.65
4386.59
4386.53
4386.47
4386.41
4386.36
4386.3
4386.24
4386.18
4386.13
4386.07
4386.01
4385.95
4385.89
4385.84
4385.78
4385.72
4385.66
4385.61
4385.55
4385.49
4385.43
4385.38
4385.32
4385.26
4385.21
4385.15
4385.09
4385.03
4384.98
4384.92
4384.86
4384.81
4384.75
4384.69
4384.64
4384.58
4384.52
4384.47
4384.41
4384.35
4384.3
4384.24
4384.18
4384.13
4384.07
4384.01
4383.96
4383.9
4383.85
4383.79
4383.73
4383.68
4383.62
4383.56
4383.51
4383.45
4383.4
4383.34
4383.28
4383.23
4383.17
4383.12
4383.06
4383.01
4382.95
4382.89
4382.84
4382.78
4382.73
4382.67
4382.62
4382.56
4382.51
4382.45
4382.39
4382.34
4382.28
4382.23
4382.17
4382.12
4382.06
4382.01
4381.95
4381.9
4381.84
4381.79
4381.73
4381.68
4381.62
4381.57
4381.51
4381.46
4381.4
4381.35
4381.29
4381.24
4381.19
4381.13
4381.08
4381.02
4380.97
4380.91
4380.86
4380.8
4380.75
4380.7
4380.64
4380.59
4380.53
4380.48
4380.42
4380.37
4380.32
4380.26
4380.21
4380.15
4380.1
4380.05
4379.99
4379.94
4379.89
4379.83
4379.78
4379.72
4379.67
4379.62
4379.56
4379.51
4379.46
4379.4
4379.35
4379.3
4379.24
4379.19
4379.14
4379.08
4379.03
4378.98
4378.92
4378.87
4378.82
4378.76
4378.71
4378.66
4378.6
4378.55
4378.5
4378.45
4378.39
4378.34
4378.29
4378.23
4378.18
4378.13
4378.08
4378.02
4377.97
4377.92
4377.87
4377.81
4377.76
4377.71
4377.66
4377.6
4377.55
4377.5
4377.45
4377.39
4377.34
4377.29
4377.24
4377.19
4377.13
4377.08
4377.03
4376.98
4376.93
4376.87
4376.82
4376.77
4376.72
4376.67
4376.61
4376.56
4376.51
4376.46
4376.41
4376.36
4376.3
4376.25
4376.2
4376.15
4376.1
4376.05
4376
4375.94
4375.89
4375.84
4375.79
4375.74
4375.69
4375.64
4375.58
4375.53
4375.48
4375.43
4375.38
4375.33
4375.28
4375.23
4375.18
4375.13
4375.07
4375.02
4374.97
4374.92
4374.87
4374.82
4374.77
4374.72
4374.67
4374.62
4374.57
4374.52
4374.47
4374.42
4374.36
4374.31
4374.26
4374.21
4374.16
4374.11
4374.06
4374.01
4373.96
4373.91
4373.86
4373.81
4373.76
4373.71
4373.66
4373.61
4373.56
4373.51
4373.46
4373.41
4373.36
4373.31
4373.26
4373.21
4373.16
4373.11
4373.06
4373.01
4372.96
4372.91
4372.86
4372.81
4372.76
4372.71
4372.66
4372.62
4372.57
4372.52
4372.47
4372.42
4372.37
4372.32
4372.27
4372.22
4372.17
4372.12
4372.07
4372.02
4371.97
4371.92
4371.88
4371.83
4371.78
4371.73
4371.68
4371.63
4371.58
4371.53
4371.48
4371.44
4371.39
4371.34
4371.29
4371.24
4371.19
4371.14
4371.09
4371.05
4371
4370.95
4370.9
4370.85
4370.8
4370.75
4370.71
4370.66
4370.61
4370.56
4370.51
4370.46
4370.41
4370.37
4370.32
4370.27
4370.22
4370.17
4370.13
4370.08
4370.03
4369.98
4369.93
4369.89
4369.84
4369.79
4369.74
4369.69
4369.65
4369.6
4369.55
4369.5
4369.45
4369.41
4369.36
4369.31
4369.26
4369.22
4369.17
4369.12
4369.07
4369.02
4368.98
4368.93
4368.88
4368.83
4368.79
4368.74
4368.69
4368.65
4368.6
4368.55
4368.5
4368.46
4368.41
4368.36
4368.31
4368.27
4368.22
4368.17
4368.13
4368.08
4368.03
4367.98
4367.94
4367.89
4367.84
4367.8
4367.75
4367.7
4367.66
4367.61
4367.56
4367.52
4367.47
4367.42
4367.37
4367.33
4367.28
4367.23
4367.19
4367.14
4367.09
4367.05
4367
4366.96
4366.91
4366.86
4366.82
4366.77
4366.72
4366.68
4366.63
4366.58
4366.54
4366.49
4366.44
4366.4
4366.35
4366.31
4366.26
4366.21
4366.17
4366.12
4366.08
4366.03
4365.98
4365.94
4365.89
4365.85
4365.8
4365.75
4365.71
4365.66
4365.62
4365.57
4365.52
4365.48
4365.43
4365.39
4365.34
4365.29
4365.25
4365.2
4365.16
4365.11
4365.07
4365.02
4364.98
4364.93
4364.88
4364.84
4364.79
4364.75
4364.7
4364.66
4364.61
4364.57
4364.52
4364.48
4364.43
4364.38
4364.34
4364.29
4364.25
4364.2
4364.16
4364.11
4364.07
4364.02
4363.98
4363.93
4363.89
4363.84
4363.8
4363.75
4363.71
4363.66
4363.62
4363.57
4363.53
4363.48
4363.44
4363.39
4363.35
4363.3
4363.26
4363.21
4363.17
4363.12
4363.08
4363.04
4362.99
4362.95
4362.9
4362.86
4362.81
4362.77
4362.72
4362.68
4362.63
4362.59
4362.55
4362.5
4362.46
4362.41
4362.37
4362.32
4362.28
4362.23
4362.19
4362.15
4362.1
4362.06
4362.01
4361.97
4361.93
4361.88
4361.84
4361.79
4361.75
4361.7
4361.66
4361.62
4361.57
4361.53
4361.48
4361.44
4361.4
4361.35
4361.31
4361.26
4361.22
4361.18
4361.13
4361.09
4361.05
4361
4360.96
4360.91
4360.87
4360.83
4360.78
4360.74
4360.7
4360.65
4360.61
4360.56
4360.52
4360.48
4360.43
4360.39
4360.35
4360.3
4360.26
4360.22
4360.17
4360.13
4360.09
4360.04
4360
4359.96
4359.91
4359.87
4359.83
4359.78
4359.74
4359.7
4359.65
4359.61
4359.57
4359.52
4359.48
4359.44
4359.39
4359.35
4359.31
4359.26
4359.22
4359.18
4359.14
4359.09
4359.05
4359.01
4358.96
4358.92
4358.88
4358.84
4358.79
4358.75
4358.71
4358.66
4358.62
4358.58
4358.54
4358.49
4358.45
4358.41
4358.36
4358.32
4358.28
4358.24
4358.19
4358.15
4358.11
4358.07
4358.02
4357.98
4357.94
4357.9
4357.85
4357.81
4357.77
4357.73
4357.68
4357.64
4357.6
4357.56
4357.51
4357.47
4357.43
4357.39
4357.34
4357.3
4357.26
4357.22
4357.17
4357.13
4357.09
4357.05
4357.01
4356.96
4356.92
4356.88
4356.84
4356.8
4356.75
4356.71
4356.67
4356.63
4356.58
4356.54
4356.5
4356.46
4356.42
4356.37
4356.33
4356.29
4356.25
4356.21
4356.17
4356.12
4356.08
4356.04
4356
4355.96
4355.91
4355.87
4355.83
4355.79
4355.75
4355.71
4355.66
4355.62
4355.58
4355.54
4355.5
4355.46
4355.41
4355.37
4355.33
4355.29
4355.25
4355.21
4355.16
4355.12
4355.08
4355.04
4355
4354.96
4354.92
4354.87
4354.83
4354.79
4354.75
4354.71
4354.67
4354.63
4354.58
4354.54
4354.5
4354.46
4354.42
4354.38
4354.34
4354.3
4354.25
4354.21
4354.17
4354.13
4354.09
4354.05
4354.01
4353.97
4353.93
4353.88
4353.84
4353.8
4353.76
4353.72
4353.68
4353.64
4353.6
4353.56
4353.52
4353.47
4353.43
4353.39
4353.35
4353.31
4353.27
4353.23
4353.19
4353.15
4353.11
4353.07
4353.02
4352.98
4352.94
4352.9
4352.86
4352.82
4352.78
4352.74
4352.7
4352.66
4352.62
4352.58
4352.54
4352.5
4352.45
4352.41
4352.37
4352.33
4352.29
4352.25
4352.21
4352.17
4352.13
4352.09
4352.05
4352.01
4351.97
4351.93
4351.89
4351.85
4351.81
4351.77
4351.73
4351.69
4351.65
4351.6
4351.56
4351.52
4351.48
4351.44
4351.4
4351.36
4351.32
4351.28
4351.24
4351.2
4351.16
4351.12
4351.08
4351.04
4351
4350.96
4350.92
4350.88
4350.84
4350.8
4350.76
4350.72
4350.68
4350.64
4350.6
4350.56
4350.52
4350.48
4350.44
4350.4
4350.36
4350.32
4350.28
4350.24
4350.2
4350.16
4350.12
4350.08
4350.04
4350
4349.96
4349.92
4349.88
4349.84
4349.8
4349.76
4349.72
4349.68
4349.64
4349.6
4349.56
4349.52
4349.48
4349.44
4349.4
4349.36
4349.33
4349.29
4349.25
4349.21
4349.17
4349.13
4349.09
4349.05
4349.01
4348.97
4348.93
4348.89
4348.85
4348.81
4348.77
4348.73
4348.69
4348.65
4348.61
4348.57
4348.53
4348.49
4348.46
4348.42
4348.38
4348.34
4348.3
4348.26
4348.22
4348.18
4348.14
4348.1
4348.06
4348.02
4347.98
4347.94
4347.9
4347.87
4347.83
4347.79
4347.75
4347.71
4347.67
4347.63
4347.59
4347.55
4347.51
4347.47
4347.43
4347.4
4347.36
4347.32
4347.28
4347.24
4347.2
4347.16
4347.12
4347.08
4347.04
4347.01
4346.97
4346.93
4346.89
4346.85
4346.81
4346.77
4346.73
4346.69
4346.65
4346.62
4346.58
4346.54
4346.5
4346.46
4346.42
4346.38
4346.34
4346.3
4346.27
4346.23
4346.19
4346.15
4346.11
4346.07
4346.03
4345.99
4345.96
4345.92
4345.88
4345.84
4345.8
4345.76
4345.72
4345.69
4345.65
4345.61
4345.57
4345.53
4345.49
4345.45
4345.42
4345.38
4345.34
4345.3
4345.26
4345.22
4345.18
4345.15
4345.11
4345.07
4345.03
4344.99
4344.95
4344.91
4344.88
4344.84
4344.8
4344.76
4344.72
4344.68
4344.65
4344.61
4344.57
4344.53
4344.49
4344.45
4344.42
4344.38
4344.34
4344.3
4344.26
4344.23
4344.19
4344.15
4344.11
4344.07
4344.03
4344
4343.96
4343.92
4343.88
4343.84
4343.81
4343.77
4343.73
4343.69
4343.65
4343.61
4343.58
4343.54
4343.5
4343.46
4343.42
4343.39
4343.35
4343.31
4343.27
4343.23
4343.2
4343.16
4343.12
4343.08
4343.04
4343.01
4342.97
4342.93
4342.89
4342.86
4342.82
4342.78
4342.74
4342.7
4342.67
4342.63
4342.59
4342.55
4342.51
4342.48
4342.44
4342.4
4342.36
4342.33
4342.29
4342.25
4342.21
4342.18
4342.14
4342.1
4342.06
4342.02
4341.99
4341.95
4341.91
4341.87
4341.84
4341.8
4341.76
4341.72
4341.69
4341.65
4341.61
4341.57
4341.54
4341.5
4341.46
4341.42
4341.39
4341.35
4341.31
4341.27
4341.24
4341.2
4341.16
4341.12
4341.09
4341.05
4341.01
4340.97
4340.94
4340.9
4340.86
4340.82
4340.79
4340.75
4340.71
4340.68
4340.64
4340.6
4340.56
4340.53
4340.49
4340.45
4340.41
4340.38
4340.34
4340.3
4340.27
4340.23
4340.19
4340.15
4340.12
4340.08
4340.04
4340.01
4339.97
4339.93
4339.89
4339.86
4339.82
4339.78
4339.75
4339.71
4339.67
4339.64
4339.6
4339.56
4339.52
4339.49
4339.45
4339.41
4339.38
4339.34
4339.3
4339.27
4339.23
4339.19
4339.15
4339.12
4339.08
4339.04
4339.01
4338.97
4338.93
4338.9
4338.86
4338.82
4338.79
4338.75
4338.71
4338.68
4338.64
4338.6
4338.57
4338.53
4338.49
4338.46
4338.42
4338.38
4338.35
4338.31
4338.27
4338.24
4338.2
4338.16
4338.13
4338.09
4338.05
4338.02
4337.98
4337.94
4337.91
4337.87
4337.83
4337.8
4337.76
4337.72
4337.69
4337.65
4337.61
4337.58
4337.54
4337.5
4337.47
4337.43
4337.4
4337.36
4337.32
4337.29
4337.25
4337.21
4337.18
4337.14
4337.1
4337.07
4337.03
4336.99
4336.96
4336.92
4336.89
4336.85
4336.81
4336.78
4336.74
4336.7
4336.67
4336.63
4336.6
4336.56
4336.52
4336.49
4336.45
4336.41
4336.38
4336.34
4336.31
4336.27
4336.23
4336.2
4336.16
4336.13
4336.09
4336.05
4336.02
4335.98
4335.95
4335.91
4335.87
4335.84
4335.8
4335.77
4335.73
4335.69
4335.66
4335.62
4335.59
4335.55
4335.51
4335.48
4335.44
4335.41
4335.37
4335.33
4335.3
4335.26
4335.23
4335.19
4335.15
4335.12
4335.08
4335.05
4335.01
4334.98
4334.94
4334.9
4334.87
4334.83
4334.8
4334.76
4334.72
4334.69
4334.65
4334.62
4334.58
4334.55
4334.51
4334.47
4334.44
4334.4
4334.37
4334.33
4334.3
4334.26
4334.23
4334.19
4334.15
4334.12
4334.08
4334.05
4334.01
4333.98
4333.94
4333.9
4333.87
4333.83
4333.8
4333.76
4333.73
4333.69
4333.66
4333.62
4333.59
4333.55
4333.51
4333.48
4333.44
4333.41
4333.37
4333.34
4333.3
4333.27
4333.23
4333.2
4333.16
4333.13
4333.09
4333.05
4333.02
4332.98
4332.95
4332.91
4332.88
4332.84
4332.81
4332.77
4332.74
4332.7
4332.67
4332.63
4332.6
4332.56
4332.53
4332.49
4332.46
4332.42
4332.39
4332.35
4332.32
4332.28
4332.25
4332.21
4332.17
4332.14
4332.1
4332.07
4332.03
4332
4331.96
4331.93
4331.89
4331.86
4331.82
4331.79
4331.75
4331.72
4331.68
4331.65
4331.61
4331.58
4331.54
4331.51
4331.48
4331.44
4331.41
4331.37
4331.34
4331.3
4331.27
4331.23
4331.2
4331.16
4331.13
4331.09
4331.06
4331.02
4330.99
4330.95
4330.92
4330.88
4330.85
4330.81
4330.78
4330.74
4330.71
4330.67
4330.64
4330.61
4330.57
4330.54
4330.5
4330.47
4330.43
4330.4
4330.36
4330.33
4330.29
4330.26
4330.22
4330.19
4330.16
4330.12
4330.09
4330.05
4330.02
4329.98
4329.95
4329.91
4329.88
4329.84
4329.81
4329.78
4329.74
4329.71
4329.67
4329.64
4329.6
4329.57
4329.54
4329.5
4329.47
4329.43
4329.4
4329.36
4329.33
4329.29
4329.26
4329.23
4329.19
4329.16
4329.12
4329.09
4329.05
4329.02
4328.99
4328.95
4328.92
4328.88
4328.85
4328.82
4328.78
4328.75
4328.71
4328.68
4328.64
4328.61
4328.58
4328.54
4328.51
4328.47
4328.44
4328.41
4328.37
4328.34
4328.3
4328.27
4328.24
4328.2
4328.17
4328.13
4328.1
4328.07
4328.03
4328
4327.96
4327.93
4327.9
4327.86
4327.83
4327.79
4327.76
4327.73
4327.69
4327.66
4327.62
4327.59
4327.56
4327.52
4327.49
4327.46
4327.42
4327.39
4327.35
4327.32
4327.29
4327.25
4327.22
4327.18
4327.15
4327.12
4327.08
4327.05
4327.02
4326.98
4326.95
4326.92
4326.88
4326.85
4326.81
4326.78
4326.75
4326.71
4326.68
4326.65
4326.61
4326.58
4326.55
4326.51
4326.48
4326.44
4326.41
4326.38
4326.34
4326.31
4326.28
4326.24
4326.21
4326.18
4326.14
4326.11
4326.08
4326.04
4326.01
4325.98
4325.94
4325.91
4325.88
4325.84
4325.81
4325.78
4325.74
4325.71
4325.68
4325.64
4325.61
4325.58
4325.54
4325.51
4325.48
4325.44
4325.41
4325.38
4325.34
4325.31
4325.28
4325.24
4325.21
4325.18
4325.14
4325.11
4325.08
4325.04
4325.01
4324.98
4324.95
4324.91
4324.88
4324.85
4324.81
4324.78
4324.75
4324.71
4324.68
4324.65
4324.61
4324.58
4324.55
4324.52
4324.48
4324.45
4324.42
4324.38
4324.35
4324.32
4324.29
4324.25
4324.22
4324.19
4324.15
4324.12
4324.09
4324.06
4324.02
4323.99
4323.96
4323.92
4323.89
4323.86
4323.83
4323.79
4323.76
4323.73
4323.69
4323.66
4323.63
4323.6
4323.56
4323.53
4323.5
4323.47
4323.43
4323.4
4323.37
4323.33
4323.3
4323.27
4323.24
4323.2
4323.17
4323.14
4323.11
4323.07
4323.04
4323.01
4322.98
4322.94
4322.91
4322.88
4322.85
4322.81
4322.78
4322.75
4322.72
4322.68
4322.65
4322.62
4322.59
4322.55
4322.52
4322.49
4322.46
4322.42
4322.39
4322.36
4322.33
4322.29
4322.26
4322.23
4322.2
4322.16
4322.13
4322.1
4322.07
4322.04
4322
4321.97
4321.94
4321.91
4321.87
4321.84
4321.81
4321.78
4321.74
4321.71
4321.68
4321.65
4321.62
4321.58
4321.55
4321.52
4321.49
4321.46
4321.42
4321.39
4321.36
4321.33
4321.29
4321.26
4321.23
4321.2
4321.17
4321.13
4321.1
4321.07
4321.04
4321.01
4320.97
4320.94
4320.91
4320.88
4320.85
4320.81
4320.78
4320.75
4320.72
4320.69
4320.65
4320.62
4320.59
4320.56
4320.53
4320.49
4320.46
4320.43
4320.4
4320.37
4320.33
4320.3
4320.27
4320.24
4320.21
4320.18
4320.14
4320.11
4320.08
4320.05
4320.02
4319.98
4319.95
4319.92
4319.89
4319.86
4319.83
4319.79
4319.76
4319.73
4319.7
4319.67
4319.64
4319.6
4319.57
4319.54
4319.51
4319.48
4319.44
4319.41
4319.38
4319.35
4319.32
4319.29
4319.26
4319.22
4319.19
4319.16
4319.13
4319.1
4319.07
4319.03
4319
4318.97
4318.94
4318.91
4318.88
4318.84
4318.81
4318.78
4318.75
4318.72
4318.69
4318.66
4318.62
4318.59
4318.56
4318.53
4318.5
4318.47
4318.43
4318.4
4318.37
4318.34
4318.31
4318.28
4318.25
4318.21
4318.18
4318.15
4318.12
4318.09
4318.06
4318.03
4317.99
4317.96
4317.93
4317.9
4317.87
4317.84
4317.81
4317.78
4317.74
4317.71
4317.68
4317.65
4317.62
4317.59
4317.56
4317.52
4317.49
4317.46
4317.43
4317.4
4317.37
4317.34
4317.31
4317.27
4317.24
4317.21
4317.18
4317.15
4317.12
4317.09
4317.06
4317.02
4316.99
4316.96
4316.93
4316.9
4316.87
4316.84
4316.81
4316.77
4316.74
4316.71
4316.68
4316.65
4316.62
4316.59
4316.56
4316.53
4316.49
4316.46
4316.43
4316.4
4316.37
4316.34
4316.31
4316.28
4316.24
4316.21
4316.18
4316.15
4316.12
4316.09
4316.06
4316.03
4316
4315.96
4315.93
4315.9
4315.87
4315.84
4315.81
4315.78
4315.75
4315.72
4315.69
4315.65
4315.62
4315.59
4315.56
4315.53
4315.5
4315.47
4315.44
4315.41
4315.37
4315.34
4315.31
4315.28
4315.25
4315.22
4315.19
4315.16
4315.13
4315.1
4315.06
4315.03
4315
4314.97
4314.94
4314.91
4314.88
4314.85
4314.82
4314.79
4314.75
4314.72
4314.69
4314.66
4314.63
4314.6
4314.57
4314.54
4314.51
4314.47
4314.44
4314.41
4314.38
4314.35
4314.32
4314.29
4314.26
4314.23
4314.2
4314.16
4314.13
4314.1
4314.07
4314.04
4314.01
4313.98
4313.95
4313.92
4313.89
4313.86
4313.82
4313.79
4313.76
4313.73
4313.7
4313.67
4313.64
4313.61
4313.58
4313.55
4313.51
4313.48
4313.45
4313.42
4313.39
4313.36
4313.33
4313.3
4313.27
4313.24
4313.2
4313.17
4313.14
4313.11
4313.08
4313.05
4313.02
4312.99
4312.96
4312.93
4312.89
4312.86
4312.83
4312.8
4312.77
4312.74
4312.71
4312.68
4312.65
4312.61
4312.58
4312.55
4312.52
4312.49
4312.46
4312.43
4312.4
4312.37
4312.34
4312.3
4312.27
4312.24
4312.21
4312.18
4312.15
4312.12
4312.09
4312.06
4312.02
4311.99
4311.96
4311.93
4311.9
4311.87
4311.84
4311.81
4311.78
4311.74
4311.71
4311.68
4311.65
4311.62
4311.59
4311.56
4311.53
4311.5
4311.46
4311.43
4311.4
4311.37
4311.34
4311.31
4311.28
4311.25
4311.22
4311.18
4311.15
4311.12
4311.09
4311.06
4311.03
4311
4310.97
4310.93
4310.9
4310.87
4310.84
4310.81
4310.78
4310.75
4310.72
4310.69
4310.65
4310.62
4310.59
4310.56
4310.53
4310.5
4310.47
4310.44
4310.4
4310.37
4310.34
4310.31
4310.28
4310.25
4310.22
4310.18
4310.15
4310.12
4310.09
4310.06
4310.03
4310
4309.97
4309.93
4309.9
4309.87
4309.84
4309.81
4309.78
4309.75
4309.71
4309.68
4309.65
4309.62
4309.59
4309.56
4309.53
4309.5
4309.46
4309.43
4309.4
4309.37
4309.34
4309.31
4309.28
4309.24
4309.21
4309.18
4309.15
4309.12
4309.09
4309.05
4309.02
4308.99
4308.96
4308.93
4308.9
4308.87
4308.83
4308.8
4308.77
4308.74
4308.71
4308.68
4308.65
4308.61
4308.58
4308.55
4308.52
4308.49
4308.46
4308.42
4308.39
4308.36
4308.33
4308.3
4308.27
4308.24
4308.2
4308.17
4308.14
4308.11
4308.08
4308.05
4308.01
4307.98
4307.95
4307.92
4307.89
4307.86
4307.83
4307.79
4307.76
4307.73
4307.7
4307.67
4307.64
4307.6
4307.57
4307.54
4307.51
4307.48
4307.45
4307.41
4307.38
4307.35
4307.32
4307.29
4307.26
4307.23
4307.19
4307.16
4307.13
4307.1
4307.07
4307.04
4307
4306.97
4306.94
4306.91
4306.88
4306.85
4306.81
4306.78
4306.75
4306.72
4306.69
4306.66
4306.62
4306.59
4306.56
4306.53
4306.5
4306.47
4306.44
4306.4
4306.37
4306.34
4306.31
4306.28
4306.25
4306.21
4306.18
4306.15
4306.12
4306.09
4306.06
4306.03
4305.99
4305.96
4305.93
4305.9
4305.87
4305.84
4305.8
4305.77
4305.74
4305.71
4305.68
4305.65
4305.62
4305.58
4305.55
4305.52
4305.49
4305.46
4305.43
4305.4
4305.36
4305.33
4305.3
4305.27
4305.24
4305.21
4305.18
4305.15
4305.11
4305.08
4305.05
4305.02
4304.99
4304.96
4304.93
4304.9
4304.86
4304.83
4304.8
4304.77
4304.74
4304.71
4304.68
4304.65
4304.61
4304.58
