0.009999
0.009998
0.009997
0.009996
0.009995
0.009994
0.009993
0.009992
0.009991
0.00999
0.00998901
0.00998801
0.00998701
0.00998601
0.00998501
0.00998401
0.00998301
0.00998202
0.00998102
0.00998002
0.00997902
0.00997802
0.00997703
0.00997603
0.00997503
0.00997403
0.00997304
0.00997204
0.00997104
0.00997004
0.00996905
0.00996805
0.00996705
0.00996606
0.00996506
0.00996406
0.00996307
0.00996207
0.00996108
0.00996008
0.00995908
0.00995809
0.00995709
0.0099561
0.0099551
0.00995411
0.00995311
0.00995212
0.00995112
0.00995012
0.00994913
0.00994813
0.00994714
0.00994615
0.00994515
0.00994416
0.00994316
0.00994217
0.00994117
0.00994018
0.00993919
0.00993819
0.0099372
0.0099362
0.00993521
0.00993422
0.00993322
0.00993223
0.00993124
0.00993024
0.00992925
0.00992826
0.00992727
0.00992627
0.00992528
0.00992429
0.0099233
0.0099223
0.00992131
0.00992032
0.00991933
0.00991834
0.00991734
0.00991635
0.00991536
0.00991437
0.00991338
0.00991239
0.00991139
0.0099104
0.00990941
0.00990842
0.00990743
0.00990644
0.00990545
0.00990446
0.00990347
0.00990248
0.00990149
0.0099005
0.00989951
0.00989852
0.00989753
0.00989654
0.00989555
0.00989456
0.00989357
0.00989258
0.00989159
0.0098906
0.00988961
0.00988862
0.00988764
0.00988665
0.00988566
0.00988467
0.00988368
0.00988269
0.00988171
0.00988072
0.00987973
0.00987874
0.00987775
0.00987677
0.00987578
0.00987479
0.0098738
0.00987282
0.00987183
0.00987084
0.00986985
0.00986887
0.00986788
0.00986689
0.00986591
0.00986492
0.00986393
0.00986295
0.00986196
0.00986098
0.00985999
0.009859
0.00985802
0.00985703
0.00985605
0.00985506
0.00985408
0.00985309
0.0098521
0.00985112
0.00985013
0.00984915
0.00984816
0.00984718
0.0098462
0.00984521
0.00984423
0.00984324
0.00984226
0.00984127
0.00984029
0.00983931
0.00983832
0.00983734
0.00983635
0.00983537
0.00983439
0.0098334
0.00983242
0.00983144
0.00983045
0.00982947
0.00982849
0.00982751
0.00982652
0.00982554
0.00982456
0.00982357
0.00982259
0.00982161
0.00982063
0.00981965
0.00981866
0.00981768
0.0098167
0.00981572
0.00981474
0.00981376
0.00981277
0.00981179
0.00981081
0.00980983
0.00980885
0.00980787
0.00980689
0.00980591
0.00980493
0.00980395
0.00980297
0.00980199
0.00980101
0.00980003
0.00979905
0.00979807
0.00979709
0.00979611
0.00979513
0.00979415
0.00979317
0.00979219
0.00979121
0.00979023
0.00978925
0.00978827
0.00978729
0.00978632
0.00978534
0.00978436
0.00978338
0.0097824
0.00978142
0.00978045
0.00977947
0.00977849
0.00977751
0.00977653
0.00977556
0.00977458
0.0097736
0.00977262
0.00977165
0.00977067
0.00976969
0.00976872
0.00976774
0.00976676
0.00976579
0.00976481
0.00976383
0.00976286
0.00976188
0.0097609
0.00975993
0.00975895
0.00975798
0.009757
0.00975603
0.00975505
0.00975407
0.0097531
0.00975212
0.00975115
0.00975017
0.0097492
0.00974822
0.00974725
0.00974627
0.0097453
0.00974433
0.00974335
0.00974238
0.0097414
0.00974043
0.00973945
0.00973848
0.00973751
0.00973653
0.00973556
0.00973459
0.00973361
0.00973264
0.00973167
0.00973069
0.00972972
0.00972875
0.00972777
0.0097268
0.00972583
0.00972486
0.00972388
0.00972291
0.00972194
0.00972097
0.00971999
0.00971902
0.00971805
0.00971708
0.00971611
0.00971514
0.00971416
0.00971319
0.00971222
0.00971125
0.00971028
0.00970931
0.00970834
0.00970737
0.0097064
0.00970543
0.00970446
0.00970348
0.00970251
0.00970154
0.00970057
0.0096996
0.00969863
0.00969766
0.00969669
0.00969573
0.00969476
0.00969379
0.00969282
0.00969185
0.00969088
0.00968991
0.00968894
0.00968797
0.009687
0.00968603
0.00968507
0.0096841
0.00968313
0.00968216
0.00968119
0.00968022
0.00967926
0.00967829
0.00967732
0.00967635
0.00967539
0.00967442
0.00967345
0.00967248
0.00967152
0.00967055
0.00966958
0.00966862
0.00966765
0.00966668
0.00966572
0.00966475
0.00966378
0.00966282
0.00966185
0.00966088
0.00965992
0.00965895
0.00965799
0.00965702
0.00965605
0.00965509
0.00965412
0.00965316
0.00965219
0.00965123
0.00965026
0.0096493
0.00964833
0.00964737
0.0096464
0.00964544
0.00964447
0.00964351
0.00964255
0.00964158
0.00964062
0.00963965
0.00963869
0.00963773
0.00963676
0.0096358
0.00963483
0.00963387
0.00963291
0.00963194
0.00963098
0.00963002
0.00962906
0.00962809
0.00962713
0.00962617
0.0096252
0.00962424
0.00962328
0.00962232
0.00962135
0.00962039
0.00961943
0.00961847
0.00961751
0.00961655
0.00961558
0.00961462
0.00961366
0.0096127
0.00961174
0.00961078
0.00960982
0.00960886
0.00960789
0.00960693
0.00960597
0.00960501
0.00960405
0.00960309
0.00960213
0.00960117
0.00960021
0.00959925
0.00959829
0.00959733
0.00959637
0.00959541
0.00959445
0.00959349
0.00959253
0.00959157
0.00959062
0.00958966
0.0095887
0.00958774
0.00958678
0.00958582
0.00958486
0.0095839
0.00958295
0.00958199
0.00958103
0.00958007
0.00957911
0.00957816
0.0095772
0.00957624
0.00957528
0.00957433
0.00957337
0.00957241
0.00957145
0.0095705
0.00956954
0.00956858
0.00956763
0.00956667
0.00956571
0.00956476
0.0095638
0.00956284
0.00956189
0.00956093
0.00955997
0.00955902
0.00955806
0.00955711
0.00955615
0.0095552
0.00955424
0.00955329
0.00955233
0.00955137
0.00955042
0.00954946
0.00954851
0.00954755
0.0095466
0.00954565
0.00954469
0.00954374
0.00954278
0.00954183
0.00954087
0.00953992
0.00953897
0.00953801
0.00953706
0.0095361
0.00953515
0.0095342
0.00953324
0.00953229
0.00953134
0.00953038
0.00952943
0.00952848
0.00952753
0.00952657
0.00952562
0.00952467
0.00952372
0.00952276
0.00952181
0.00952086
0.00951991
0.00951896
0.009518
0.00951705
0.0095161
0.00951515
0.0095142
0.00951325
0.00951229
0.00951134
0.00951039
0.00950944
0.00950849
0.00950754
0.00950659
0.00950564
0.00950469
0.00950374
0.00950279
0.00950184
0.00950089
0.00949994
0.00949899
0.00949804
0.00949709
0.00949614
0.00949519
0.00949424
0.00949329
0.00949234
0.00949139
0.00949044
0.00948949
0.00948854
0.00948759
0.00948665
0.0094857
0.00948475
0.0094838
0.00948285
0.0094819
0.00948096
0.00948001
0.00947906
0.00947811
0.00947716
0.00947622
0.00947527
0.00947432
0.00947337
0.00947243
0.00947148
0.00947053
0.00946959
0.00946864
0.00946769
0.00946674
0.0094658
0.00946485
0.00946391
0.00946296
0.00946201
0.00946107
0.00946012
0.00945917
0.00945823
0.00945728
0.00945634
0.00945539
0.00945445
0.0094535
0.00945256
0.00945161
0.00945066
0.00944972
0.00944877
0.00944783
0.00944689
0.00944594
0.009445
0.00944405
0.00944311
0.00944216
0.00944122
0.00944027
0.00943933
0.00943839
0.00943744
0.0094365
0.00943556
0.00943461
0.00943367
0.00943273
0.00943178
0.00943084
0.0094299
0.00942895
0.00942801
0.00942707
0.00942613
0.00942518
0.00942424
0.0094233
0.00942236
0.00942141
0.00942047
0.00941953
0.00941859
0.00941765
0.0094167
0.00941576
0.00941482
0.00941388
0.00941294
0.009412
0.00941106
0.00941011
0.00940917
0.00940823
0.00940729
0.00940635
0.00940541
0.00940447
0.00940353
0.00940259
0.00940165
0.00940071
0.00939977
0.00939883
0.00939789
0.00939695
0.00939601
0.00939507
0.00939413
0.00939319
0.00939225
0.00939131
0.00939037
0.00938943
0.0093885
0.00938756
0.00938662
0.00938568
0.00938474
0.0093838
0.00938286
0.00938193
0.00938099
0.00938005
0.00937911
0.00937817
0.00937724
0.0093763
0.00937536
0.00937442
0.00937349
0.00937255
0.00937161
0.00937067
0.00936974
0.0093688
0.00936786
0.00936693
0.00936599
0.00936505
0.00936412
0.00936318
0.00936224
0.00936131
0.00936037
0.00935944
0.0093585
0.00935756
0.00935663
0.00935569
0.00935476
0.00935382
0.00935289
0.00935195
0.00935102
0.00935008
0.00934915
0.00934821
0.00934728
0.00934634
0.00934541
0.00934447
0.00934354
0.0093426
0.00934167
0.00934074
0.0093398
0.00933887
0.00933793
0.009337
0.00933607
0.00933513
0.0093342
0.00933327
0.00933233
0.0093314
0.00933047
0.00932953
0.0093286
0.00932767
0.00932674
0.0093258
0.00932487
0.00932394
0.00932301
0.00932207
0.00932114
0.00932021
0.00931928
0.00931835
0.00931741
0.00931648
0.00931555
0.00931462
0.00931369
0.00931276
0.00931182
0.00931089
0.00930996
0.00930903
0.0093081
0.00930717
0.00930624
0.00930531
0.00930438
0.00930345
0.00930252
0.00930159
0.00930066
0.00929973
0.0092988
0.00929787
0.00929694
0.00929601
0.00929508
0.00929415
0.00929322
0.00929229
0.00929136
0.00929043
0.0092895
0.00928857
0.00928765
0.00928672
0.00928579
0.00928486
0.00928393
0.009283
0.00928207
0.00928115
0.00928022
0.00927929
0.00927836
0.00927743
0.00927651
0.00927558
0.00927465
0.00927372
0.0092728
0.00927187
0.00927094
0.00927002
0.00926909
0.00926816
0.00926724
0.00926631
0.00926538
0.00926446
0.00926353
0.0092626
0.00926168
0.00926075
0.00925982
0.0092589
0.00925797
0.00925705
0.00925612
0.0092552
0.00925427
0.00925334
0.00925242
0.00925149
0.00925057
0.00924964
0.00924872
0.00924779
0.00924687
0.00924595
0.00924502
0.0092441
0.00924317
0.00924225
0.00924132
0.0092404
0.00923948
0.00923855
0.00923763
0.0092367
0.00923578
0.00923486
0.00923393
0.00923301
0.00923209
0.00923116
0.00923024
0.00922932
0.00922839
0.00922747
0.00922655
0.00922563
0.0092247
0.00922378
0.00922286
0.00922194
0.00922101
0.00922009
0.00921917
0.00921825
0.00921733
0.00921641
0.00921548
0.00921456
0.00921364
0.00921272
0.0092118
0.00921088
0.00920996
0.00920904
0.00920811
0.00920719
0.00920627
0.00920535
0.00920443
0.00920351
0.00920259
0.00920167
0.00920075
0.00919983
0.00919891
0.00919799
0.00919707
0.00919615
0.00919523
0.00919431
0.00919339
0.00919247
0.00919155
0.00919064
0.00918972
0.0091888
0.00918788
0.00918696
0.00918604
0.00918512
0.0091842
0.00918329
0.00918237
0.00918145
0.00918053
0.00917961
0.0091787
0.00917778
0.00917686
0.00917594
0.00917502
0.00917411
0.00917319
0.00917227
0.00917136
0.00917044
0.00916952
0.0091686
0.00916769
0.00916677
0.00916585
0.00916494
0.00916402
0.0091631
0.00916219
0.00916127
0.00916036
0.00915944
0.00915852
0.00915761
0.00915669
0.00915578
0.00915486
0.00915395
0.00915303
0.00915212
0.0091512
0.00915029
0.00914937
0.00914846
0.00914754
0.00914663
0.00914571
0.0091448
0.00914388
0.00914297
0.00914205
0.00914114
0.00914023
0.00913931
0.0091384
0.00913748
0.00913657
0.00913566
0.00913474
0.00913383
0.00913292
0.009132
0.00913109
0.00913018
0.00912926
0.00912835
0.00912744
0.00912653
0.00912561
0.0091247
0.00912379
0.00912288
0.00912196
0.00912105
0.00912014
0.00911923
0.00911832
0.0091174
0.00911649
0.00911558
0.00911467
0.00911376
0.00911285
0.00911194
0.00911102
0.00911011
0.0091092
0.00910829
0.00910738
0.00910647
0.00910556
0.00910465
0.00910374
0.00910283
0.00910192
0.00910101
0.0091001
0.00909919
0.00909828
0.00909737
0.00909646
0.00909555
0.00909464
0.00909373
0.00909282
0.00909191
0.009091
0.00909009
0.00908918
0.00908827
0.00908737
0.00908646
0.00908555
0.00908464
0.00908373
0.00908282
0.00908192
0.00908101
0.0090801
0.00907919
0.00907828
0.00907738
0.00907647
0.00907556
0.00907465
0.00907375
0.00907284
0.00907193
0.00907102
0.00907012
0.00906921
0.0090683
0.0090674
0.00906649
0.00906558
0.00906468
0.00906377
0.00906286
0.00906196
0.00906105
0.00906014
0.00905924
0.00905833
0.00905743
0.00905652
0.00905562
0.00905471
0.0090538
0.0090529
0.00905199
0.00905109
0.00905018
0.00904928
0.00904837
0.00904747
0.00904656
0.00904566
0.00904476
0.00904385
0.00904295
0.00904204
0.00904114
0.00904023
0.00903933
0.00903843
0.00903752
0.00903662
0.00903572
0.00903481
0.00903391
0.00903301
0.0090321
0.0090312
0.0090303
0.00902939
0.00902849
0.00902759
0.00902668
0.00902578
0.00902488
0.00902398
0.00902307
0.00902217
0.00902127
0.00902037
0.00901947
0.00901856
0.00901766
0.00901676
0.00901586
0.00901496
0.00901406
0.00901315
0.00901225
0.00901135
0.00901045
0.00900955
0.00900865
0.00900775
0.00900685
0.00900595
0.00900505
0.00900415
0.00900325
0.00900234
0.00900144
0.00900054
0.00899964
0.00899874
0.00899784
0.00899695
0.00899605
0.00899515
0.00899425
0.00899335
0.00899245
0.00899155
0.00899065
0.00898975
0.00898885
0.00898795
0.00898705
0.00898616
0.00898526
0.00898436
0.00898346
0.00898256
0.00898166
0.00898077
0.00897987
0.00897897
0.00897807
0.00897717
0.00897628
0.00897538
0.00897448
0.00897358
0.00897269
0.00897179
0.00897089
0.00896999
0.0089691
0.0089682
0.0089673
0.00896641
0.00896551
0.00896461
0.00896372
0.00896282
0.00896193
0.00896103
0.00896013
0.00895924
0.00895834
0.00895745
0.00895655
0.00895565
0.00895476
0.00895386
0.00895297
0.00895207
0.00895118
0.00895028
0.00894939
0.00894849
0.0089476
0.0089467
0.00894581
0.00894491
0.00894402
0.00894313
0.00894223
0.00894134
0.00894044
0.00893955
0.00893865
0.00893776
0.00893687
0.00893597
0.00893508
0.00893419
0.00893329
0.0089324
0.00893151
0.00893061
0.00892972
0.00892883
0.00892793
0.00892704
0.00892615
0.00892526
0.00892436
0.00892347
0.00892258
0.00892169
0.0089208
0.0089199
0.00891901
0.00891812
0.00891723
0.00891634
0.00891544
0.00891455
0.00891366
0.00891277
0.00891188
0.00891099
0.0089101
0.00890921
0.00890831
0.00890742
0.00890653
0.00890564
0.00890475
0.00890386
0.00890297
0.00890208
0.00890119
0.0089003
0.00889941
0.00889852
0.00889763
0.00889674
0.00889585
0.00889496
0.00889407
0.00889318
0.00889229
0.00889141
0.00889052
0.00888963
0.00888874
0.00888785
0.00888696
0.00888607
0.00888518
0.00888429
0.00888341
0.00888252
0.00888163
0.00888074
0.00887985
0.00887897
0.00887808
0.00887719
0.0088763
0.00887541
0.00887453
0.00887364
0.00887275
0.00887187
0.00887098
0.00887009
0.0088692
0.00886832
0.00886743
0.00886654
0.00886566
0.00886477
0.00886388
0.008863
0.00886211
0.00886123
0.00886034
0.00885945
0.00885857
0.00885768
0.0088568
0.00885591
0.00885502
0.00885414
0.00885325
0.00885237
0.00885148
0.0088506
0.00884971
0.00884883
0.00884794
0.00884706
0.00884617
0.00884529
0.00884441
0.00884352
0.00884264
0.00884175
0.00884087
0.00883998
0.0088391
0.00883822
0.00883733
0.00883645
0.00883557
0.00883468
0.0088338
0.00883292
0.00883203
0.00883115
0.00883027
0.00882938
0.0088285
0.00882762
0.00882673
0.00882585
0.00882497
0.00882409
0.0088232
0.00882232
0.00882144
0.00882056
0.00881968
0.00881879
0.00881791
0.00881703
0.00881615
0.00881527
0.00881439
0.0088135
0.00881262
0.00881174
0.00881086
0.00880998
0.0088091
0.00880822
0.00880734
0.00880646
0.00880558
0.00880469
0.00880381
0.00880293
0.00880205
0.00880117
0.00880029
0.00879941
0.00879853
0.00879765
0.00879677
0.00879589
0.00879502
0.00879414
0.00879326
0.00879238
0.0087915
0.00879062
0.00878974
0.00878886
0.00878798
0.0087871
0.00878622
0.00878535
0.00878447
0.00878359
0.00878271
0.00878183
0.00878095
0.00878008
0.0087792
0.00877832
0.00877744
0.00877656
0.00877569
0.00877481
0.00877393
0.00877306
0.00877218
0.0087713
0.00877042
0.00876955
0.00876867
0.00876779
0.00876692
0.00876604
0.00876516
0.00876429
0.00876341
0.00876253
0.00876166
0.00876078
0.00875991
0.00875903
0.00875815
0.00875728
0.0087564
0.00875553
0.00875465
0.00875378
0.0087529
0.00875202
0.00875115
0.00875027
0.0087494
0.00874852
0.00874765
0.00874678
0.0087459
0.00874503
0.00874415
0.00874328
0.0087424
0.00874153
0.00874065
0.00873978
0.00873891
0.00873803
0.00873716
0.00873629
0.00873541
0.00873454
0.00873366
0.00873279
0.00873192
0.00873105
0.00873017
0.0087293
0.00872843
0.00872755
0.00872668
0.00872581
0.00872494
0.00872406
0.00872319
0.00872232
0.00872145
0.00872057
0.0087197
0.00871883
0.00871796
0.00871709
0.00871622
0.00871534
0.00871447
0.0087136
0.00871273
0.00871186
0.00871099
0.00871012
0.00870924
0.00870837
0.0087075
0.00870663
0.00870576
0.00870489
0.00870402
0.00870315
0.00870228
0.00870141
0.00870054
0.00869967
0.0086988
0.00869793
0.00869706
0.00869619
0.00869532
0.00869445
0.00869358
0.00869271
0.00869184
0.00869097
0.00869011
0.00868924
0.00868837
0.0086875
0.00868663
0.00868576
0.00868489
0.00868402
0.00868316
0.00868229
0.00868142
0.00868055
0.00867968
0.00867882
0.00867795
0.00867708
0.00867621
0.00867534
0.00867448
0.00867361
0.00867274
0.00867188
0.00867101
0.00867014
0.00866927
0.00866841
0.00866754
0.00866667
0.00866581
0.00866494
0.00866407
0.00866321
0.00866234
0.00866148
0.00866061
0.00865974
0.00865888
0.00865801
0.00865715
0.00865628
0.00865541
0.00865455
0.00865368
0.00865282
0.00865195
0.00865109
0.00865022
0.00864936
0.00864849
0.00864763
0.00864676
0.0086459
0.00864503
0.00864417
0.00864331
0.00864244
0.00864158
0.00864071
0.00863985
0.00863898
0.00863812
0.00863726
0.00863639
0.00863553
0.00863467
0.0086338
0.00863294
0.00863208
0.00863121
0.00863035
0.00862949
0.00862862
0.00862776
0.0086269
0.00862604
0.00862517
0.00862431
0.00862345
0.00862259
0.00862172
0.00862086
0.00862
0.00861914
0.00861828
0.00861741
0.00861655
0.00861569
0.00861483
0.00861397
0.00861311
0.00861225
0.00861138
0.00861052
0.00860966
0.0086088
0.00860794
0.00860708
0.00860622
0.00860536
0.0086045
0.00860364
0.00860278
0.00860192
0.00860106
0.0086002
0.00859934
0.00859848
0.00859762
0.00859676
0.0085959
0.00859504
0.00859418
0.00859332
0.00859246
0.0085916
0.00859074
0.00858988
0.00858902
0.00858817
0.00858731
0.00858645
0.00858559
0.00858473
0.00858387
0.00858301
0.00858216
0.0085813
0.00858044
0.00857958
0.00857872
0.00857787
0.00857701
0.00857615
0.00857529
0.00857443
0.00857358
0.00857272
0.00857186
0.00857101
0.00857015
0.00856929
0.00856843
0.00856758
0.00856672
0.00856586
0.00856501
0.00856415
0.0085633
0.00856244
0.00856158
0.00856073
0.00855987
0.00855901
0.00855816
0.0085573
0.00855645
0.00855559
0.00855474
0.00855388
0.00855303
0.00855217
0.00855132
0.00855046
0.00854961
0.00854875
0.0085479
0.00854704
0.00854619
0.00854533
0.00854448
0.00854362
0.00854277
0.00854191
0.00854106
0.00854021
0.00853935
0.0085385
0.00853764
0.00853679
0.00853594
0.00853508
0.00853423
0.00853338
0.00853252
0.00853167
0.00853082
0.00852996
0.00852911
0.00852826
0.0085274
0.00852655
0.0085257
0.00852485
0.00852399
0.00852314
0.00852229
0.00852144
0.00852059
0.00851973
0.00851888
0.00851803
0.00851718
0.00851633
0.00851547
0.00851462
0.00851377
0.00851292
0.00851207
0.00851122
0.00851037
0.00850952
0.00850867
0.00850781
0.00850696
0.00850611
0.00850526
0.00850441
0.00850356
0.00850271
0.00850186
0.00850101
0.00850016
0.00849931
0.00849846
0.00849761
0.00849676
0.00849591
0.00849506
0.00849421
0.00849336
0.00849251
0.00849166
0.00849082
0.00848997
0.00848912
0.00848827
0.00848742
0.00848657
0.00848572
0.00848487
0.00848403
0.00848318
0.00848233
0.00848148
0.00848063
0.00847978
0.00847894
0.00847809
0.00847724
0.00847639
0.00847555
0.0084747
0.00847385
0.008473
0.00847216
0.00847131
0.00847046
0.00846962
0.00846877
0.00846792
0.00846707
0.00846623
0.00846538
0.00846454
0.00846369
0.00846284
0.008462
0.00846115
0.0084603
0.00845946
0.00845861
0.00845777
0.00845692
0.00845607
0.00845523
0.00845438
0.00845354
0.00845269
0.00845185
0.008451
0.00845016
0.00844931
0.00844847
0.00844762
0.00844678
0.00844593
0.00844509
0.00844424
0.0084434
0.00844256
0.00844171
0.00844087
0.00844002
0.00843918
0.00843834
0.00843749
0.00843665
0.0084358
0.00843496
0.00843412
0.00843327
0.00843243
0.00843159
0.00843074
0.0084299
0.00842906
0.00842822
0.00842737
0.00842653
0.00842569
0.00842485
0.008424
0.00842316
0.00842232
0.00842148
0.00842063
0.00841979
0.00841895
0.00841811
0.00841727
0.00841642
0.00841558
0.00841474
0.0084139
0.00841306
0.00841222
0.00841138
0.00841054
0.00840969
0.00840885
0.00840801
0.00840717
0.00840633
0.00840549
0.00840465
0.00840381
0.00840297
0.00840213
0.00840129
0.00840045
0.00839961
0.00839877
0.00839793
0.00839709
0.00839625
0.00839541
0.00839457
0.00839373
0.00839289
0.00839205
0.00839121
0.00839037
0.00838953
0.0083887
0.00838786
0.00838702
0.00838618
0.00838534
0.0083845
0.00838366
0.00838283
0.00838199
0.00838115
0.00838031
0.00837947
0.00837864
0.0083778
0.00837696
0.00837612
0.00837528
0.00837445
0.00837361
0.00837277
0.00837194
0.0083711
0.00837026
0.00836942
0.00836859
0.00836775
0.00836691
0.00836608
0.00836524
0.0083644
0.00836357
0.00836273
0.0083619
0.00836106
0.00836022
0.00835939
0.00835855
0.00835772
0.00835688
0.00835604
0.00835521
0.00835437
0.00835354
0.0083527
0.00835187
0.00835103
0.0083502
0.00834936
0.00834853
0.00834769
0.00834686
0.00834602
0.00834519
0.00834435
0.00834352
0.00834268
0.00834185
0.00834102
0.00834018
0.00833935
0.00833851
0.00833768
0.00833685
0.00833601
0.00833518
0.00833435
0.00833351
0.00833268
0.00833185
0.00833101
0.00833018
0.00832935
0.00832851
0.00832768
0.00832685
0.00832602
0.00832518
0.00832435
0.00832352
0.00832269
0.00832185
0.00832102
0.00832019
0.00831936
0.00831853
0.00831769
0.00831686
0.00831603
0.0083152
0.00831437
0.00831354
0.00831271
0.00831187
0.00831104
0.00831021
0.00830938
0.00830855
0.00830772
0.00830689
0.00830606
0.00830523
0.0083044
0.00830357
0.00830274
0.00830191
0.00830108
0.00830025
0.00829942
0.00829859
0.00829776
0.00829693
0.0082961
0.00829527
0.00829444
0.00829361
0.00829278
0.00829195
0.00829112
0.00829029
0.00828946
0.00828863
0.0082878
0.00828698
0.00828615
0.00828532
0.00828449
0.00828366
0.00828283
0.00828201
0.00828118
0.00828035
0.00827952
0.00827869
0.00827787
0.00827704
0.00827621
0.00827538
0.00827455
0.00827373
0.0082729
0.00827207
0.00827125
0.00827042
0.00826959
0.00826876
0.00826794
0.00826711
0.00826628
0.00826546
0.00826463
0.0082638
0.00826298
0.00826215
0.00826133
0.0082605
0.00825967
0.00825885
0.00825802
0.0082572
0.00825637
0.00825554
0.00825472
0.00825389
0.00825307
0.00825224
0.00825142
0.00825059
0.00824977
0.00824894
0.00824812
0.00824729
0.00824647
0.00824564
0.00824482
0.008244
0.00824317
0.00824235
0.00824152
0.0082407
0.00823987
0.00823905
0.00823823
0.0082374
0.00823658
0.00823576
0.00823493
0.00823411
0.00823329
0.00823246
0.00823164
0.00823082
0.00822999
0.00822917
0.00822835
0.00822752
0.0082267
0.00822588
0.00822506
0.00822423
0.00822341
0.00822259
0.00822177
0.00822094
0.00822012
0.0082193
0.00821848
0.00821766
0.00821683
0.00821601
0.00821519
0.00821437
0.00821355
0.00821273
0.00821191
0.00821109
0.00821026
0.00820944
0.00820862
0.0082078
0.00820698
0.00820616
0.00820534
0.00820452
0.0082037
0.00820288
0.00820206
0.00820124
0.00820042
0.0081996
0.00819878
0.00819796
0.00819714
0.00819632
0.0081955
0.00819468
0.00819386
0.00819304
0.00819222
0.0081914
0.00819058
0.00818976
0.00818895
0.00818813
0.00818731
0.00818649
0.00818567
0.00818485
0.00818403
0.00818321
0.0081824
0.00818158
0.00818076
0.00817994
0.00817912
0.00817831
0.00817749
0.00817667
0.00817585
0.00817504
0.00817422
0.0081734
0.00817258
0.00817177
0.00817095
0.00817013
0.00816932
0.0081685
0.00816768
0.00816686
0.00816605
0.00816523
0.00816442
0.0081636
0.00816278
0.00816197
0.00816115
0.00816033
0.00815952
0.0081587
0.00815789
0.00815707
0.00815625
0.00815544
0.00815462
0.00815381
0.00815299
0.00815218
0.00815136
0.00815055
0.00814973
0.00814892
0.0081481
0.00814729
0.00814647
0.00814566
0.00814484
0.00814403
0.00814322
0.0081424
0.00814159
0.00814077
0.00813996
0.00813914
0.00813833
0.00813752
0.0081367
0.00813589
0.00813508
0.00813426
0.00813345
0.00813264
0.00813182
0.00813101
0.0081302
0.00812938
0.00812857
0.00812776
0.00812695
0.00812613
0.00812532
0.00812451
0.00812369
0.00812288
0.00812207
0.00812126
0.00812045
0.00811963
0.00811882
0.00811801
0.0081172
0.00811639
0.00811558
0.00811476
0.00811395
0.00811314
0.00811233
0.00811152
0.00811071
0.0081099
0.00810909
0.00810827
0.00810746
0.00810665
0.00810584
0.00810503
0.00810422
0.00810341
0.0081026
0.00810179
0.00810098
0.00810017
0.00809936
0.00809855
0.00809774
0.00809693
0.00809612
0.00809531
0.0080945
0.00809369
0.00809288
0.00809207
0.00809127
0.00809046
0.00808965
0.00808884
0.00808803
0.00808722
0.00808641
0.0080856
0.00808479
0.00808399
0.00808318
0.00808237
0.00808156
0.00808075
0.00807995
0.00807914
0.00807833
0.00807752
0.00807671
0.00807591
0.0080751
0.00807429
0.00807348
0.00807268
0.00807187
0.00807106
0.00807026
0.00806945
0.00806864
0.00806783
0.00806703
0.00806622
0.00806541
0.00806461
0.0080638
0.008063
0.00806219
0.00806138
0.00806058
0.00805977
0.00805896
0.00805816
0.00805735
0.00805655
0.00805574
0.00805494
0.00805413
0.00805333
0.00805252
0.00805171
0.00805091
0.0080501
0.0080493
0.00804849
0.00804769
0.00804689
0.00804608
0.00804528
0.00804447
0.00804367
0.00804286
0.00804206
0.00804125
0.00804045
0.00803965
0.00803884
0.00803804
0.00803723
0.00803643
0.00803563
0.00803482
0.00803402
0.00803322
0.00803241
0.00803161
0.00803081
0.00803
0.0080292
0.0080284
0.0080276
0.00802679
0.00802599
0.00802519
0.00802439
0.00802358
0.00802278
0.00802198
0.00802118
0.00802037
0.00801957
0.00801877
0.00801797
0.00801717
0.00801637
0.00801556
0.00801476
0.00801396
0.00801316
0.00801236
0.00801156
0.00801076
0.00800995
0.00800915
0.00800835
0.00800755
0.00800675
0.00800595
0.00800515
0.00800435
0.00800355
0.00800275
0.00800195
0.00800115
0.00800035
0.00799955
0.00799875
0.00799795
0.00799715
0.00799635
0.00799555
0.00799475
0.00799395
0.00799315
0.00799235
0.00799155
0.00799075
0.00798995
0.00798916
0.00798836
0.00798756
0.00798676
0.00798596
0.00798516
0.00798436
0.00798357
0.00798277
0.00798197
0.00798117
0.00798037
0.00797957
0.00797878
0.00797798
0.00797718
0.00797638
0.00797559
0.00797479
0.00797399
0.00797319
0.0079724
0.0079716
0.0079708
0.00797
0.00796921
0.00796841
0.00796761
0.00796682
0.00796602
0.00796522
0.00796443
0.00796363
0.00796284
0.00796204
0.00796124
0.00796045
0.00795965
0.00795885
0.00795806
0.00795726
0.00795647
0.00795567
0.00795488
0.00795408
0.00795329
0.00795249
0.00795169
0.0079509
0.0079501
0.00794931
0.00794851
0.00794772
0.00794693
0.00794613
0.00794534
0.00794454
0.00794375
0.00794295
0.00794216
0.00794136
0.00794057
0.00793978
0.00793898
0.00793819
0.00793739
0.0079366
0.00793581
0.00793501
0.00793422
0.00793343
0.00793263
0.00793184
0.00793105
0.00793025
0.00792946
0.00792867
0.00792788
0.00792708
0.00792629
0.0079255
0.0079247
0.00792391
0.00792312
0.00792233
0.00792154
0.00792074
0.00791995
0.00791916
0.00791837
0.00791758
0.00791678
0.00791599
0.0079152
0.00791441
0.00791362
0.00791283
0.00791204
0.00791124
0.00791045
0.00790966
0.00790887
0.00790808
0.00790729
0.0079065
0.00790571
0.00790492
0.00790413
0.00790334
0.00790255
0.00790176
0.00790097
0.00790018
0.00789939
0.0078986
0.00789781
0.00789702
0.00789623
0.00789544
0.00789465
0.00789386
0.00789307
0.00789228
0.00789149
0.0078907
0.00788991
0.00788912
0.00788834
0.00788755
0.00788676
0.00788597
0.00788518
0.00788439
0.0078836
0.00788282
0.00788203
0.00788124
0.00788045
0.00787966
0.00787887
0.00787809
0.0078773
0.00787651
0.00787572
0.00787494
0.00787415
0.00787336
0.00787257
0.00787179
0.007871
0.00787021
0.00786943
0.00786864
0.00786785
0.00786707
0.00786628
0.00786549
0.00786471
0.00786392
0.00786313
0.00786235
0.00786156
0.00786077
0.00785999
0.0078592
0.00785842
0.00785763
0.00785684
0.00785606
0.00785527
0.00785449
0.0078537
0.00785292
0.00785213
0.00785135
0.00785056
0.00784978
0.00784899
0.00784821
0.00784742
0.00784664
0.00784585
0.00784507
0.00784428
0.0078435
0.00784272
0.00784193
0.00784115
0.00784036
0.00783958
0.00783879
0.00783801
0.00783723
0.00783644
0.00783566
0.00783488
0.00783409
0.00783331
0.00783253
0.00783174
0.00783096
0.00783018
0.00782939
0.00782861
0.00782783
0.00782705
0.00782626
0.00782548
0.0078247
0.00782392
0.00782313
0.00782235
0.00782157
0.00782079
0.00782
0.00781922
0.00781844
0.00781766
0.00781688
0.0078161
0.00781531
0.00781453
0.00781375
0.00781297
0.00781219
0.00781141
0.00781063
0.00780984
0.00780906
0.00780828
0.0078075
0.00780672
0.00780594
0.00780516
0.00780438
0.0078036
0.00780282
0.00780204
0.00780126
0.00780048
0.0077997
0.00779892
0.00779814
0.00779736
0.00779658
0.0077958
0.00779502
0.00779424
0.00779346
0.00779268
0.0077919
0.00779112
0.00779034
0.00778957
0.00778879
0.00778801
0.00778723
0.00778645
0.00778567
0.00778489
0.00778411
0.00778334
0.00778256
0.00778178
0.007781
0.00778022
0.00777945
0.00777867
0.00777789
0.00777711
0.00777633
0.00777556
0.00777478
0.007774
0.00777322
0.00777245
0.00777167
0.00777089
0.00777012
0.00776934
0.00776856
0.00776779
0.00776701
0.00776623
0.00776546
0.00776468
0.0077639
0.00776313
0.00776235
0.00776157
0.0077608
0.00776002
0.00775925
0.00775847
0.00775769
0.00775692
0.00775614
0.00775537
0.00775459
0.00775382
0.00775304
0.00775227
0.00775149
0.00775071
0.00774994
0.00774916
0.00774839
0.00774762
0.00774684
0.00774607
0.00774529
0.00774452
0.00774374
0.00774297
0.00774219
0.00774142
0.00774065
0.00773987
0.0077391
0.00773832
0.00773755
0.00773678
0.007736
0.00773523
0.00773446
0.00773368
0.00773291
0.00773214
0.00773136
0.00773059
0.00772982
0.00772904
0.00772827
0.0077275
0.00772672
0.00772595
0.00772518
0.00772441
0.00772363
0.00772286
0.00772209
0.00772132
0.00772055
0.00771977
0.007719
0.00771823
0.00771746
0.00771669
0.00771592
0.00771514
0.00771437
0.0077136
0.00771283
0.00771206
0.00771129
0.00771052
0.00770974
0.00770897
0.0077082
0.00770743
0.00770666
0.00770589
0.00770512
0.00770435
0.00770358
0.00770281
0.00770204
0.00770127
0.0077005
0.00769973
0.00769896
0.00769819
0.00769742
0.00769665
0.00769588
0.00769511
0.00769434
0.00769357
0.0076928
0.00769203
0.00769126
0.00769049
0.00768973
0.00768896
0.00768819
0.00768742
0.00768665
0.00768588
0.00768511
0.00768434
0.00768358
0.00768281
0.00768204
0.00768127
0.0076805
0.00767974
0.00767897
0.0076782
0.00767743
0.00767666
0.0076759
0.00767513
0.00767436
0.00767359
0.00767283
0.00767206
0.00767129
0.00767053
0.00766976
0.00766899
0.00766822
0.00766746
0.00766669
0.00766592
0.00766516
0.00766439
0.00766362
0.00766286
0.00766209
0.00766133
0.00766056
0.00765979
0.00765903
0.00765826
0.0076575
0.00765673
0.00765597
0.0076552
0.00765443
0.00765367
0.0076529
0.00765214
0.00765137
0.00765061
0.00764984
0.00764908
0.00764831
0.00764755
0.00764678
0.00764602
0.00764525
0.00764449
0.00764373
0.00764296
0.0076422
0.00764143
0.00764067
0.0076399
0.00763914
0.00763838
0.00763761
0.00763685
0.00763609
0.00763532
0.00763456
0.00763379
0.00763303
0.00763227
0.00763151
0.00763074
0.00762998
0.00762922
0.00762845
0.00762769
0.00762693
0.00762616
0.0076254
0.00762464
0.00762388
0.00762312
0.00762235
0.00762159
0.00762083
0.00762007
0.0076193
0.00761854
0.00761778
0.00761702
0.00761626
0.0076155
0.00761473
0.00761397
0.00761321
0.00761245
0.00761169
0.00761093
0.00761017
0.00760941
0.00760864
0.00760788
0.00760712
0.00760636
0.0076056
0.00760484
0.00760408
0.00760332
0.00760256
0.0076018
0.00760104
0.00760028
0.00759952
0.00759876
0.007598
0.00759724
0.00759648
0.00759572
0.00759496
0.0075942
0.00759344
0.00759268
0.00759192
0.00759117
0.00759041
0.00758965
0.00758889
0.00758813
0.00758737
0.00758661
0.00758585
0.00758509
0.00758434
0.00758358
0.00758282
0.00758206
0.0075813
0.00758054
0.00757979
0.00757903
0.00757827
0.00757751
0.00757676
0.007576
0.00757524
0.00757448
0.00757373
0.00757297
0.00757221
0.00757145
0.0075707
0.00756994
0.00756918
0.00756843
0.00756767
0.00756691
0.00756616
0.0075654
0.00756464
0.00756389
0.00756313
0.00756237
0.00756162
0.00756086
0.00756011
0.00755935
0.00755859
0.00755784
0.00755708
0.00755633
0.00755557
0.00755481
0.00755406
0.0075533
0.00755255
0.00755179
0.00755104
0.00755028
0.00754953
0.00754877
0.00754802
0.00754726
0.00754651
0.00754575
0.007545
0.00754425
0.00754349
0.00754274
0.00754198
0.00754123
0.00754047
0.00753972
0.00753897
0.00753821
0.00753746
0.00753671
0.00753595
0.0075352
0.00753444
0.00753369
0.00753294
0.00753218
0.00753143
0.00753068
0.00752993
0.00752917
0.00752842
0.00752767
0.00752691
0.00752616
0.00752541
0.00752466
0.0075239
0.00752315
0.0075224
0.00752165
0.00752089
0.00752014
0.00751939
0.00751864
0.00751789
0.00751714
0.00751638
0.00751563
0.00751488
0.00751413
0.00751338
0.00751263
0.00751187
0.00751112
0.00751037
0.00750962
0.00750887
0.00750812
0.00750737
0.00750662
0.00750587
0.00750512
0.00750437
0.00750362
0.00750287
0.00750212
0.00750137
0.00750062
0.00749987
0.00749912
0.00749837
0.00749762
0.00749687
0.00749612
0.00749537
0.00749462
0.00749387
0.00749312
0.00749237
0.00749162
0.00749087
0.00749012
0.00748937
0.00748862
0.00748788
0.00748713
0.00748638
0.00748563
0.00748488
0.00748413
0.00748338
0.00748264
0.00748189
0.00748114
0.00748039
0.00747964
0.0074789
0.00747815
0.0074774
0.00747665
0.0074759
0.00747516
0.00747441
0.00747366
0.00747291
0.00747217
0.00747142
0.00747067
0.00746993
0.00746918
0.00746843
0.00746769
0.00746694
0.00746619
0.00746545
0.0074647
0.00746395
0.00746321
0.00746246
0.00746171
0.00746097
0.00746022
0.00745948
0.00745873
0.00745798
0.00745724
0.00745649
0.00745575
0.007455
0.00745426
0.00745351
0.00745276
0.00745202
0.00745127
0.00745053
0.00744978
0.00744904
0.00744829
0.00744755
0.00744681
0.00744606
0.00744532
0.00744457
0.00744383
0.00744308
0.00744234
0.00744159
0.00744085
0.00744011
0.00743936
0.00743862
0.00743787
0.00743713
0.00743639
0.00743564
0.0074349
0.00743416
0.00743341
0.00743267
0.00743193
0.00743118
0.00743044
0.0074297
0.00742895
0.00742821
0.00742747
0.00742673
0.00742598
0.00742524
0.0074245
0.00742376
0.00742301
0.00742227
0.00742153
0.00742079
0.00742004
0.0074193
0.00741856
0.00741782
0.00741708
0.00741634
0.00741559
0.00741485
0.00741411
0.00741337
0.00741263
0.00741189
0.00741115
0.0074104
0.00740966
0.00740892
0.00740818
0.00740744
0.0074067
0.00740596
0.00740522
0.00740448
0.00740374
0.007403
0.00740226
0.00740152
0.00740078
0.00740004
0.0073993
0.00739856
0.00739782
0.00739708
0.00739634
0.0073956
0.00739486
0.00739412
0.00739338
0.00739264
0.0073919
0.00739116
0.00739042
0.00738968
0.00738895
0.00738821
0.00738747
0.00738673
0.00738599
0.00738525
0.00738451
0.00738378
0.00738304
0.0073823
0.00738156
0.00738082
0.00738008
0.00737935
0.00737861
0.00737787
0.00737713
0.0073764
0.00737566
0.00737492
0.00737418
0.00737345
0.00737271
0.00737197
0.00737123
0.0073705
0.00736976
0.00736902
0.00736829
0.00736755
0.00736681
0.00736608
0.00736534
0.0073646
0.00736387
0.00736313
0.00736239
0.00736166
0.00736092
0.00736019
0.00735945
0.00735871
0.00735798
0.00735724
0.00735651
0.00735577
0.00735503
0.0073543
0.00735356
0.00735283
0.00735209
0.00735136
0.00735062
0.00734989
0.00734915
0.00734842
0.00734768
0.00734695
0.00734621
0.00734548
0.00734475
0.00734401
0.00734328
0.00734254
0.00734181
0.00734107
0.00734034
0.00733961
0.00733887
0.00733814
0.0073374
0.00733667
0.00733594
0.0073352
0.00733447
0.00733374
0.007333
0.00733227
0.00733154
0.0073308
0.00733007
0.00732934
0.0073286
0.00732787
0.00732714
0.00732641
0.00732567
0.00732494
0.00732421
0.00732348
0.00732274
0.00732201
0.00732128
0.00732055
0.00731982
0.00731908
0.00731835
0.00731762
0.00731689
0.00731616
0.00731542
0.00731469
0.00731396
0.00731323
0.0073125
0.00731177
0.00731104
0.00731031
0.00730957
0.00730884
0.00730811
0.00730738
0.00730665
0.00730592
0.00730519
0.00730446
0.00730373
0.007303
0.00730227
0.00730154
0.00730081
0.00730008
0.00729935
0.00729862
0.00729789
0.00729716
0.00729643
0.0072957
0.00729497
0.00729424
0.00729351
0.00729278
0.00729205
0.00729132
0.00729059
0.00728987
0.00728914
0.00728841
0.00728768
0.00728695
0.00728622
0.00728549
0.00728476
0.00728404
0.00728331
0.00728258
0.00728185
0.00728112
0.00728039
0.00727967
0.00727894
0.00727821
0.00727748
0.00727676
0.00727603
0.0072753
0.00727457
0.00727385
0.00727312
0.00727239
0.00727166
0.00727094
0.00727021
0.00726948
0.00726876
0.00726803
0.0072673
0.00726658
0.00726585
0.00726512
0.0072644
0.00726367
0.00726294
0.00726222
0.00726149
0.00726076
0.00726004
0.00725931
0.00725859
0.00725786
0.00725713
0.00725641
0.00725568
0.00725496
0.00725423
0.00725351
0.00725278
0.00725206
0.00725133
0.00725061
0.00724988
0.00724916
0.00724843
0.00724771
0.00724698
0.00724626
0.00724553
0.00724481
0.00724408
0.00724336
0.00724264
0.00724191
0.00724119
0.00724046
0.00723974
0.00723901
0.00723829
0.00723757
0.00723684
0.00723612
0.0072354
0.00723467
0.00723395
0.00723323
0.0072325
0.00723178
0.00723106
0.00723033
0.00722961
0.00722889
0.00722816
0.00722744
0.00722672
0.007226
0.00722527
0.00722455
0.00722383
0.00722311
0.00722238
0.00722166
0.00722094
0.00722022
0.0072195
0.00721877
0.00721805
0.00721733
0.00721661
0.00721589
0.00721517
0.00721444
0.00721372
0.007213
0.00721228
0.00721156
0.00721084
0.00721012
0.0072094
0.00720867
0.00720795
0.00720723
0.00720651
0.00720579
0.00720507
0.00720435
0.00720363
0.00720291
0.00720219
0.00720147
0.00720075
0.00720003
0.00719931
0.00719859
0.00719787
0.00719715
0.00719643
0.00719571
0.00719499
0.00719427
0.00719355
0.00719283
0.00719211
0.00719139
0.00719068
0.00718996
0.00718924
0.00718852
0.0071878
0.00718708
0.00718636
0.00718564
0.00718493
0.00718421
0.00718349
0.00718277
0.00718205
0.00718133
0.00718062
0.0071799
0.00717918
0.00717846
0.00717774
0.00717703
0.00717631
0.00717559
0.00717487
0.00717416
0.00717344
0.00717272
0.007172
0.00717129
0.00717057
0.00716985
0.00716914
0.00716842
0.0071677
0.00716699
0.00716627
0.00716555
0.00716484
0.00716412
0.0071634
0.00716269
0.00716197
0.00716125
0.00716054
0.00715982
0.00715911
0.00715839
0.00715767
0.00715696
0.00715624
0.00715553
0.00715481
0.0071541
0.00715338
0.00715267
0.00715195
0.00715124
0.00715052
0.00714981
0.00714909
0.00714838
0.00714766
0.00714695
0.00714623
0.00714552
0.0071448
0.00714409
0.00714337
0.00714266
0.00714194
0.00714123
0.00714052
0.0071398
0.00713909
0.00713837
0.00713766
0.00713695
0.00713623
0.00713552
0.00713481
0.00713409
0.00713338
0.00713267
0.00713195
0.00713124
0.00713053
0.00712981
0.0071291
0.00712839
0.00712767
0.00712696
0.00712625
0.00712554
0.00712482
0.00712411
0.0071234
0.00712269
0.00712198
0.00712126
0.00712055
0.00711984
0.00711913
0.00711842
0.0071177
0.00711699
0.00711628
0.00711557
0.00711486
0.00711415
0.00711343
0.00711272
0.00711201
0.0071113
0.00711059
0.00710988
0.00710917
0.00710846
0.00710775
0.00710703
0.00710632
0.00710561
0.0071049
0.00710419
0.00710348
0.00710277
0.00710206
0.00710135
0.00710064
0.00709993
0.00709922
0.00709851
0.0070978
0.00709709
0.00709638
0.00709567
0.00709496
0.00709425
0.00709354
0.00709283
0.00709213
0.00709142
0.00709071
0.00709
0.00708929
0.00708858
0.00708787
0.00708716
0.00708645
0.00708575
0.00708504
0.00708433
0.00708362
0.00708291
0.0070822
0.0070815
0.00708079
0.00708008
0.00707937
0.00707866
0.00707796
0.00707725
0.00707654
0.00707583
0.00707512
0.00707442
0.00707371
0.007073
0.0070723
0.00707159
0.00707088
0.00707017
0.00706947
0.00706876
0.00706805
0.00706735
0.00706664
0.00706593
0.00706523
0.00706452
0.00706381
0.00706311
0.0070624
0.00706169
0.00706099
0.00706028
0.00705958
0.00705887
0.00705816
0.00705746
0.00705675
0.00705605
0.00705534
0.00705464
0.00705393
0.00705323
0.00705252
0.00705182
0.00705111
0.00705041
0.0070497
0.007049
0.00704829
0.00704759
0.00704688
0.00704618
0.00704547
0.00704477
0.00704406
0.00704336
0.00704265
0.00704195
0.00704125
0.00704054
0.00703984
0.00703913
0.00703843
0.00703773
0.00703702
0.00703632
0.00703561
0.00703491
0.00703421
0.0070335
0.0070328
0.0070321
0.00703139
0.00703069
0.00702999
0.00702929
0.00702858
0.00702788
0.00702718
0.00702647
0.00702577
0.00702507
0.00702437
0.00702366
0.00702296
0.00702226
0.00702156
0.00702086
0.00702015
0.00701945
0.00701875
0.00701805
0.00701735
0.00701664
0.00701594
0.00701524
0.00701454
0.00701384
0.00701314
0.00701244
0.00701173
0.00701103
0.00701033
0.00700963
0.00700893
0.00700823
0.00700753
0.00700683
0.00700613
0.00700543
0.00700473
0.00700403
0.00700333
0.00700263
0.00700192
0.00700122
0.00700052
0.00699982
0.00699912
0.00699842
0.00699772
0.00699703
0.00699633
0.00699563
0.00699493
0.00699423
0.00699353
0.00699283
0.00699213
0.00699143
0.00699073
0.00699003
0.00698933
0.00698863
0.00698794
0.00698724
0.00698654
0.00698584
0.00698514
0.00698444
0.00698374
0.00698305
0.00698235
0.00698165
0.00698095
0.00698025
0.00697955
0.00697886
0.00697816
0.00697746
0.00697676
0.00697607
0.00697537
0.00697467
0.00697397
0.00697328
0.00697258
0.00697188
0.00697118
0.00697049
0.00696979
0.00696909
0.0069684
0.0069677
0.006967
0.00696631
0.00696561
0.00696491
0.00696422
0.00696352
0.00696282
0.00696213
0.00696143
0.00696074
0.00696004
0.00695934
0.00695865
0.00695795
0.00695726
0.00695656
0.00695586
0.00695517
0.00695447
0.00695378
0.00695308
0.00695239
0.00695169
0.006951
0.0069503
0.00694961
0.00694891
0.00694822
0.00694752
0.00694683
0.00694613
0.00694544
0.00694474
0.00694405
0.00694336
0.00694266
0.00694197
0.00694127
0.00694058
0.00693988
0.00693919
0.0069385
0.0069378
0.00693711
0.00693642
0.00693572
0.00693503
0.00693433
0.00693364
0.00693295
0.00693225
0.00693156
0.00693087
0.00693018
0.00692948
0.00692879
0.0069281
0.0069274
0.00692671
0.00692602
0.00692533
0.00692463
0.00692394
0.00692325
0.00692256
0.00692186
0.00692117
0.00692048
0.00691979
0.0069191
0.0069184
0.00691771
0.00691702
0.00691633
0.00691564
0.00691495
0.00691425
0.00691356
0.00691287
0.00691218
0.00691149
0.0069108
0.00691011
0.00690942
0.00690872
0.00690803
0.00690734
0.00690665
0.00690596
0.00690527
0.00690458
0.00690389
0.0069032
0.00690251
0.00690182
0.00690113
0.00690044
0.00689975
0.00689906
0.00689837
0.00689768
0.00689699
0.0068963
0.00689561
0.00689492
0.00689423
0.00689354
0.00689285
0.00689216
0.00689147
0.00689079
0.0068901
0.00688941
0.00688872
0.00688803
0.00688734
0.00688665
0.00688596
0.00688528
0.00688459
0.0068839
0.00688321
0.00688252
0.00688183
0.00688115
0.00688046
0.00687977
0.00687908
0.00687839
0.00687771
0.00687702
0.00687633
0.00687564
0.00687495
0.00687427
0.00687358
0.00687289
0.00687221
0.00687152
0.00687083
0.00687014
0.00686946
0.00686877
0.00686808
0.0068674
0.00686671
0.00686602
0.00686534
0.00686465
0.00686396
0.00686328
0.00686259
0.0068619
0.00686122
0.00686053
0.00685985
0.00685916
0.00685847
0.00685779
0.0068571
0.00685642
0.00685573
0.00685505
0.00685436
0.00685368
0.00685299
0.00685231
0.00685162
0.00685093
0.00685025
0.00684956
0.00684888
0.00684819
0.00684751
0.00684683
0.00684614
0.00684546
0.00684477
0.00684409
0.0068434
0.00684272
0.00684203
0.00684135
0.00684067
0.00683998
0.0068393
0.00683861
0.00683793
0.00683725
0.00683656
0.00683588
0.0068352
0.00683451
0.00683383
0.00683315
0.00683246
0.00683178
0.0068311
0.00683041
0.00682973
0.00682905
0.00682836
0.00682768
0.006827
0.00682632
0.00682563
0.00682495
0.00682427
0.00682359
0.0068229
0.00682222
0.00682154
0.00682086
0.00682017
0.00681949
0.00681881
0.00681813
0.00681745
0.00681677
0.00681608
0.0068154
0.00681472
0.00681404
0.00681336
0.00681268
0.006812
0.00681131
0.00681063
0.00680995
0.00680927
0.00680859
0.00680791
0.00680723
0.00680655
0.00680587
0.00680519
0.00680451
0.00680383
0.00680315
0.00680247
0.00680179
0.0068011
0.00680042
0.00679974
0.00679906
0.00679839
0.00679771
0.00679703
0.00679635
0.00679567
0.00679499
0.00679431
0.00679363
0.00679295
0.00679227
0.00679159
0.00679091
0.00679023
0.00678955
0.00678887
0.0067882
0.00678752
0.00678684
0.00678616
0.00678548
0.0067848
0.00678412
0.00678345
0.00678277
0.00678209
0.00678141
0.00678073
0.00678005
0.00677938
0.0067787
0.00677802
0.00677734
0.00677666
0.00677599
0.00677531
0.00677463
0.00677395
0.00677328
0.0067726
0.00677192
0.00677125
0.00677057
0.00676989
0.00676921
0.00676854
0.00676786
0.00676718
0.00676651
0.00676583
0.00676515
0.00676448
0.0067638
0.00676313
0.00676245
0.00676177
0.0067611
0.00676042
0.00675974
0.00675907
0.00675839
0.00675772
0.00675704
0.00675637
0.00675569
0.00675501
0.00675434
0.00675366
0.00675299
0.00675231
0.00675164
0.00675096
0.00675029
0.00674961
0.00674894
0.00674826
0.00674759
0.00674691
0.00674624
0.00674556
0.00674489
0.00674421
0.00674354
0.00674287
0.00674219
0.00674152
0.00674084
0.00674017
0.0067395
0.00673882
0.00673815
0.00673747
0.0067368
0.00673613
0.00673545
0.00673478
0.00673411
0.00673343
0.00673276
0.00673209
0.00673141
0.00673074
0.00673007
0.00672939
0.00672872
0.00672805
0.00672738
0.0067267
0.00672603
0.00672536
0.00672469
0.00672401
0.00672334
0.00672267
0.006722
0.00672132
0.00672065
0.00671998
0.00671931
0.00671864
0.00671796
0.00671729
0.00671662
0.00671595
0.00671528
0.00671461
0.00671393
0.00671326
0.00671259
0.00671192
0.00671125
0.00671058
0.00670991
0.00670924
0.00670857
0.00670789
0.00670722
0.00670655
0.00670588
0.00670521
0.00670454
0.00670387
0.0067032
0.00670253
0.00670186
0.00670119
0.00670052
0.00669985
0.00669918
0.00669851
0.00669784
0.00669717
0.0066965
0.00669583
0.00669516
0.00669449
0.00669382
0.00669315
0.00669248
0.00669181
0.00669115
0.00669048
0.00668981
0.00668914
0.00668847
0.0066878
0.00668713
0.00668646
0.00668579
0.00668513
0.00668446
0.00668379
0.00668312
0.00668245
0.00668178
0.00668112
0.00668045
0.00667978
0.00667911
0.00667844
0.00667778
0.00667711
0.00667644
0.00667577
0.00667511
0.00667444
0.00667377
0.0066731
0.00667244
0.00667177
0.0066711
0.00667044
0.00666977
0.0066691
0.00666843
0.00666777
0.0066671
0.00666643
0.00666577
0.0066651
0.00666443
0.00666377
0.0066631
0.00666244
0.00666177
0.0066611
0.00666044
0.00665977
0.00665911
0.00665844
0.00665777
0.00665711
0.00665644
0.00665578
0.00665511
0.00665445
0.00665378
0.00665311
0.00665245
0.00665178
0.00665112
0.00665045
0.00664979
0.00664912
0.00664846
0.00664779
0.00664713
0.00664646
0.0066458
0.00664514
0.00664447
0.00664381
0.00664314
0.00664248
0.00664181
0.00664115
0.00664049
0.00663982
0.00663916
0.00663849
0.00663783
0.00663717
0.0066365
0.00663584
0.00663518
0.00663451
0.00663385
0.00663319
0.00663252
0.00663186
0.0066312
0.00663053
0.00662987
0.00662921
0.00662854
0.00662788
0.00662722
0.00662656
0.00662589
0.00662523
0.00662457
0.00662391
0.00662324
0.00662258
0.00662192
0.00662126
0.00662059
0.00661993
0.00661927
0.00661861
0.00661795
0.00661728
0.00661662
0.00661596
0.0066153
0.00661464
0.00661398
0.00661332
0.00661265
0.00661199
0.00661133
0.00661067
0.00661001
0.00660935
0.00660869
0.00660803
0.00660737
0.00660671
0.00660604
0.00660538
0.00660472
0.00660406
0.0066034
0.00660274
0.00660208
0.00660142
0.00660076
0.0066001
0.00659944
0.00659878
0.00659812
0.00659746
0.0065968
0.00659614
0.00659548
0.00659482
0.00659416
0.00659351
0.00659285
0.00659219
0.00659153
0.00659087
0.00659021
0.00658955
0.00658889
0.00658823
0.00658757
0.00658691
0.00658626
0.0065856
0.00658494
0.00658428
0.00658362
0.00658296
0.00658231
0.00658165
0.00658099
0.00658033
0.00657967
0.00657902
0.00657836
0.0065777
0.00657704
0.00657638
0.00657573
0.00657507
0.00657441
0.00657375
0.0065731
0.00657244
0.00657178
0.00657113
0.00657047
0.00656981
0.00656915
0.0065685
0.00656784
0.00656718
0.00656653
0.00656587
0.00656521
0.00656456
0.0065639
0.00656324
0.00656259
0.00656193
0.00656128
0.00656062
0.00655996
0.00655931
0.00655865
0.006558
0.00655734
0.00655668
0.00655603
0.00655537
0.00655472
0.00655406
0.00655341
0.00655275
0.0065521
0.00655144
0.00655079
0.00655013
0.00654948
0.00654882
0.00654817
0.00654751
0.00654686
0.0065462
0.00654555
0.00654489
0.00654424
0.00654358
0.00654293
0.00654228
0.00654162
0.00654097
0.00654031
0.00653966
0.00653901
0.00653835
0.0065377
0.00653704
0.00653639
0.00653574
0.00653508
0.00653443
0.00653378
0.00653312
0.00653247
0.00653182
0.00653116
0.00653051
0.00652986
0.0065292
0.00652855
0.0065279
0.00652725
0.00652659
0.00652594
0.00652529
0.00652464
0.00652398
0.00652333
0.00652268
0.00652203
0.00652137
0.00652072
0.00652007
0.00651942
0.00651877
0.00651811
0.00651746
0.00651681
0.00651616
0.00651551
0.00651486
0.0065142
0.00651355
0.0065129
0.00651225
0.0065116
0.00651095
0.0065103
0.00650965
0.006509
0.00650834
0.00650769
0.00650704
0.00650639
0.00650574
0.00650509
0.00650444
0.00650379
0.00650314
0.00650249
0.00650184
0.00650119
0.00650054
0.00649989
0.00649924
0.00649859
0.00649794
0.00649729
0.00649664
0.00649599
0.00649534
0.00649469
0.00649404
0.00649339
0.00649274
0.00649209
0.00649144
0.0064908
0.00649015
0.0064895
0.00648885
0.0064882
0.00648755
0.0064869
0.00648625
0.0064856
0.00648496
0.00648431
0.00648366
0.00648301
0.00648236
0.00648171
0.00648107
0.00648042
0.00647977
0.00647912
0.00647847
0.00647783
0.00647718
0.00647653
0.00647588
0.00647524
0.00647459
0.00647394
0.00647329
0.00647265
0.006472
0.00647135
0.00647071
0.00647006
0.00646941
0.00646876
0.00646812
0.00646747
0.00646682
0.00646618
0.00646553
0.00646488
0.00646424
0.00646359
0.00646294
0.0064623
0.00646165
0.00646101
0.00646036
0.00645971
0.00645907
0.00645842
0.00645778
0.00645713
0.00645649
0.00645584
0.00645519
0.00645455
0.0064539
0.00645326
0.00645261
0.00645197
0.00645132
0.00645068
0.00645003
0.00644939
0.00644874
0.0064481
0.00644745
0.00644681
0.00644616
0.00644552
0.00644487
0.00644423
0.00644359
0.00644294
0.0064423
0.00644165
0.00644101
0.00644036
0.00643972
0.00643908
0.00643843
0.00643779
0.00643714
0.0064365
0.00643586
0.00643521
0.00643457
0.00643393
0.00643328
0.00643264
0.006432
0.00643135
0.00643071
0.00643007
0.00642942
0.00642878
0.00642814
0.0064275
0.00642685
0.00642621
0.00642557
0.00642493
0.00642428
0.00642364
0.006423
0.00642236
0.00642171
0.00642107
0.00642043
0.00641979
0.00641915
0.0064185
0.00641786
0.00641722
0.00641658
0.00641594
0.0064153
0.00641465
0.00641401
0.00641337
0.00641273
0.00641209
0.00641145
0.00641081
0.00641017
0.00640952
0.00640888
0.00640824
0.0064076
0.00640696
0.00640632
0.00640568
0.00640504
0.0064044
0.00640376
0.00640312
0.00640248
0.00640184
0.0064012
0.00640056
0.00639992
0.00639928
0.00639864
0.006398
0.00639736
0.00639672
0.00639608
0.00639544
0.0063948
0.00639416
0.00639352
0.00639288
0.00639224
0.0063916
0.00639096
0.00639032
0.00638969
0.00638905
0.00638841
0.00638777
0.00638713
0.00638649
0.00638585
0.00638521
0.00638458
0.00638394
0.0063833
0.00638266
0.00638202
0.00638138
0.00638075
0.00638011
0.00637947
0.00637883
0.00637819
0.00637756
0.00637692
0.00637628
0.00637564
0.00637501
0.00637437
0.00637373
0.00637309
0.00637246
0.00637182
0.00637118
0.00637055
0.00636991
0.00636927
0.00636863
0.006368
0.00636736
0.00636672
0.00636609
0.00636545
0.00636481
0.00636418
0.00636354
0.00636291
0.00636227
0.00636163
0.006361
0.00636036
0.00635972
0.00635909
0.00635845
0.00635782
0.00635718
0.00635655
0.00635591
0.00635527
0.00635464
0.006354
0.00635337
0.00635273
0.0063521
0.00635146
0.00635083
0.00635019
0.00634956
0.00634892
0.00634829
0.00634765
0.00634702
0.00634638
0.00634575
0.00634511
0.00634448
0.00634385
0.00634321
0.00634258
0.00634194
0.00634131
0.00634067
0.00634004
0.00633941
0.00633877
0.00633814
0.0063375
0.00633687
0.00633624
0.0063356
0.00633497
0.00633434
0.0063337
0.00633307
0.00633244
0.0063318
0.00633117
0.00633054
0.0063299
0.00632927
0.00632864
0.00632801
0.00632737
0.00632674
0.00632611
0.00632547
0.00632484
0.00632421
0.00632358
0.00632295
0.00632231
0.00632168
0.00632105
0.00632042
0.00631978
0.00631915
0.00631852
0.00631789
0.00631726
0.00631663
0.00631599
0.00631536
0.00631473
0.0063141
0.00631347
0.00631284
0.00631221
0.00631157
0.00631094
0.00631031
0.00630968
0.00630905
0.00630842
0.00630779
0.00630716
0.00630653
0.0063059
0.00630527
0.00630464
0.006304
0.00630337
0.00630274
0.00630211
0.00630148
0.00630085
0.00630022
0.00629959
0.00629896
0.00629833
0.0062977
0.00629707
0.00629644
0.00629581
0.00629519
0.00629456
0.00629393
0.0062933
0.00629267
0.00629204
0.00629141
0.00629078
0.00629015
0.00628952
0.00628889
0.00628826
0.00628764
0.00628701
0.00628638
0.00628575
0.00628512
0.00628449
0.00628386
0.00628324
0.00628261
0.00628198
0.00628135
0.00628072
0.00628009
0.00627947
0.00627884
0.00627821
0.00627758
0.00627696
0.00627633
0.0062757
0.00627507
0.00627445
0.00627382
0.00627319
0.00627256
0.00627194
0.00627131
0.00627068
0.00627005
0.00626943
0.0062688
0.00626817
0.00626755
0.00626692
0.00626629
0.00626567
0.00626504
0.00626441
0.00626379
0.00626316
0.00626254
0.00626191
0.00626128
0.00626066
0.00626003
0.0062594
0.00625878
0.00625815
0.00625753
0.0062569
0.00625628
0.00625565
0.00625502
0.0062544
0.00625377
0.00625315
0.00625252
0.0062519
0.00625127
0.00625065
0.00625002
0.0062494
0.00624877
0.00624815
0.00624752
0.0062469
0.00624627
0.00624565
0.00624502
0.0062444
0.00624378
0.00624315
0.00624253
0.0062419
0.00624128
0.00624065
0.00624003
0.00623941
0.00623878
0.00623816
0.00623754
0.00623691
0.00623629
0.00623566
0.00623504
0.00623442
0.00623379
0.00623317
0.00623255
0.00623192
0.0062313
0.00623068
0.00623005
0.00622943
0.00622881
0.00622819
0.00622756
0.00622694
0.00622632
0.0062257
0.00622507
0.00622445
0.00622383
0.00622321
0.00622258
0.00622196
0.00622134
0.00622072
0.00622009
0.00621947
0.00621885
0.00621823
0.00621761
0.00621699
0.00621636
0.00621574
0.00621512
0.0062145
0.00621388
0.00621326
0.00621263
0.00621201
0.00621139
0.00621077
0.00621015
0.00620953
0.00620891
0.00620829
0.00620767
0.00620705
0.00620643
0.0062058
0.00620518
0.00620456
0.00620394
0.00620332
0.0062027
0.00620208
0.00620146
0.00620084
0.00620022
0.0061996
0.00619898
0.00619836
0.00619774
0.00619712
0.0061965
0.00619588
0.00619526
0.00619464
0.00619402
0.00619341
0.00619279
0.00619217
0.00619155
0.00619093
0.00619031
0.00618969
0.00618907
0.00618845
0.00618783
0.00618722
0.0061866
0.00618598
0.00618536
0.00618474
0.00618412
0.0061835
0.00618289
0.00618227
0.00618165
0.00618103
0.00618041
0.00617979
0.00617918
0.00617856
0.00617794
0.00617732
0.00617671
0.00617609
0.00617547
0.00617485
0.00617424
0.00617362
0.006173
0.00617238
0.00617177
0.00617115
0.00617053
0.00616992
0.0061693
0.00616868
0.00616806
0.00616745
0.00616683
0.00616621
0.0061656
0.00616498
0.00616436
0.00616375
0.00616313
0.00616252
0.0061619
0.00616128
0.00616067
0.00616005
0.00615944
0.00615882
0.0061582
0.00615759
0.00615697
0.00615636
0.00615574
0.00615513
0.00615451
0.00615389
0.00615328
0.00615266
0.00615205
0.00615143
0.00615082
0.0061502
0.00614959
0.00614897
0.00614836
0.00614774
0.00614713
0.00614651
0.0061459
0.00614528
0.00614467
0.00614406
0.00614344
0.00614283
0.00614221
0.0061416
0.00614098
0.00614037
0.00613976
0.00613914
0.00613853
0.00613791
0.0061373
0.00613669
0.00613607
0.00613546
0.00613485
0.00613423
0.00613362
0.00613301
0.00613239
0.00613178
0.00613117
0.00613055
0.00612994
0.00612933
0.00612871
0.0061281
0.00612749
0.00612688
0.00612626
0.00612565
0.00612504
0.00612443
0.00612381
0.0061232
0.00612259
0.00612198
0.00612136
0.00612075
0.00612014
0.00611953
0.00611892
0.0061183
0.00611769
0.00611708
0.00611647
0.00611586
0.00611525
0.00611464
0.00611402
0.00611341
0.0061128
0.00611219
0.00611158
0.00611097
0.00611036
0.00610975
0.00610913
0.00610852
0.00610791
0.0061073
0.00610669
0.00610608
0.00610547
0.00610486
0.00610425
0.00610364
0.00610303
0.00610242
0.00610181
0.0061012
0.00610059
0.00609998
0.00609937
0.00609876
0.00609815
0.00609754
0.00609693
0.00609632
0.00609571
0.0060951
0.00609449
0.00609388
0.00609327
0.00609266
0.00609205
0.00609144
0.00609083
0.00609023
0.00608962
0.00608901
0.0060884
0.00608779
0.00608718
0.00608657
0.00608596
0.00608536
0.00608475
0.00608414
0.00608353
0.00608292
0.00608231
0.00608171
0.0060811
0.00608049
0.00607988
0.00607927
0.00607866
0.00607806
0.00607745
0.00607684
0.00607623
0.00607563
0.00607502
0.00607441
0.0060738
0.0060732
0.00607259
0.00607198
0.00607137
0.00607077
0.00607016
0.00606955
0.00606895
0.00606834
0.00606773
0.00606713
0.00606652
0.00606591
0.00606531
